TQ,DPQ,C,OU,DI,DFT,RD,DFO,DPQ2,C2,TQ2,OU2,DI2,DFT2,RD2,DFO2,DPQ3,C3,TQ3,OU3,DI3,DFT3,RD3,DFO3
0,4,3,0,4,0,4,0,4,3,0,0,4,0,4,0,4,3,0,0,4,0,4,0
1,1,4,3,29,8,21,14,1,4,1,3,21,6,15,10,1,4,1,3,15,4,11,7
3,4,2,0,21,14,7,0,4,2,3,0,7,4,3,0,4,2,3,0,3,2,1,0
0,4,1,1,1,0,1,0,4,1,0,1,1,0,1,0,4,1,0,1,1,0,1,0
4,4,0,1,10,9,1,0,4,0,4,1,1,0,1,0,4,0,4,1,1,0,1,0
4,1,4,2,34,32,2,0,1,4,4,2,2,1,1,0,1,4,4,2,1,0,1,0
1,1,1,2,0,0,0,0,1,1,1,2,0,0,0,0,1,1,1,2,0,0,0,0
1,3,2,3,4,1,3,2,3,2,1,3,3,0,3,2,3,2,1,3,3,0,3,2
2,3,2,3,23,9,14,9,3,2,2,3,14,5,9,6,3,2,2,3,9,3,6,4
1,1,0,0,4,1,3,0,1,0,1,0,3,0,3,0,1,0,1,0,3,0,3,0
2,4,4,3,0,0,0,0,4,4,2,3,0,0,0,0,4,4,2,3,0,0,0,0
4,1,1,2,6,5,1,0,1,1,4,2,1,0,1,0,1,1,4,2,1,0,1,0
2,0,2,4,30,11,19,18,0,2,2,4,19,7,12,11,0,2,2,4,12,4,8,7
1,3,4,3,15,4,11,7,3,4,1,3,11,3,8,5,3,4,1,3,8,2,6,4
3,3,4,0,19,13,6,0,3,4,3,0,6,4,2,0,3,4,3,0,2,1,1,0
4,4,2,2,20,19,1,0,4,2,4,2,1,0,1,0,4,2,4,2,1,0,1,0
2,3,0,3,1,0,1,0,3,0,2,3,1,0,1,0,3,0,2,3,1,0,1,0
2,3,0,4,21,8,13,12,3,0,2,4,13,5,8,7,3,0,2,4,8,3,5,4
1,1,3,0,36,10,26,2,1,3,1,0,26,7,19,1,1,3,1,0,19,5,14,1
3,4,4,2,1,0,1,0,4,4,3,2,1,0,1,0,4,4,3,2,1,0,1,0
3,2,1,2,14,9,5,2,2,1,3,2,5,3,2,0,2,1,3,2,2,1,1,0
4,1,2,3,9,8,1,0,1,2,4,3,1,0,1,0,1,2,4,3,1,0,1,0
1,4,2,4,10,2,8,7,4,2,1,4,8,2,6,5,4,2,1,4,6,1,5,4
2,3,2,4,16,6,10,9,3,2,2,4,10,3,7,6,3,2,2,4,7,2,5,4
4,0,1,3,15,14,1,0,0,1,4,3,1,0,1,0,0,1,4,3,1,0,1,0
2,3,0,2,7,2,5,1,3,0,2,2,5,2,3,1,3,0,2,2,3,1,2,0
4,0,2,3,35,33,2,1,0,2,4,3,2,1,1,0,0,2,4,3,1,0,1,0
4,3,1,3,12,11,1,0,3,1,4,3,1,0,1,0,3,1,4,3,1,0,1,0
4,2,2,4,26,24,2,1,2,2,4,4,2,1,1,0,2,2,4,4,1,0,1,0
3,1,4,0,39,27,12,1,1,4,3,0,12,8,4,0,1,4,3,0,4,2,2,0
3,1,3,1,36,25,11,3,1,3,3,1,11,7,4,1,1,3,3,1,4,2,2,0
0,4,0,0,26,2,24,2,4,0,0,0,24,2,22,2,4,0,0,0,22,2,20,2
4,2,3,2,33,31,2,0,2,3,4,2,2,1,1,0,2,3,4,2,1,0,1,0
2,0,2,3,29,11,18,12,0,2,2,3,18,7,11,7,0,2,2,3,11,4,7,4
1,2,4,0,31,9,22,2,2,4,1,0,22,6,16,1,2,4,1,0,16,4,12,1
0,3,3,4,27,2,25,23,3,3,0,4,25,2,23,21,3,3,0,4,23,2,21,19
3,1,2,0,24,16,8,0,1,2,3,0,8,5,3,0,1,2,3,0,3,2,1,0
1,1,1,3,19,5,14,9,1,1,1,3,14,4,10,7,1,1,1,3,10,3,7,4
3,0,1,3,15,10,5,3,0,1,3,3,5,3,2,1,0,1,3,3,2,1,1,0
3,4,0,0,20,14,6,0,4,0,3,0,6,4,2,0,4,0,3,0,2,1,1,0
1,0,2,3,34,10,24,16,0,2,1,3,24,7,17,11,0,2,1,3,17,5,12,8
1,4,1,3,2,0,2,1,4,1,1,3,2,0,2,1,4,1,1,3,2,0,2,1
3,1,3,1,26,18,8,2,1,3,3,1,8,5,3,0,1,3,3,1,3,2,1,0
0,4,3,2,9,0,9,3,4,3,0,2,9,0,9,3,4,3,0,2,9,0,9,3
0,0,3,0,37,3,34,3,0,3,0,0,34,3,31,3,0,3,0,0,31,3,28,2
1,0,0,2,3,0,3,1,0,0,1,2,3,0,3,1,0,0,1,2,3,0,3,1
3,0,4,2,32,22,10,3,0,4,3,2,10,6,4,1,0,4,3,2,4,2,2,0
4,3,1,3,5,4,1,0,3,1,4,3,1,0,1,0,3,1,4,3,1,0,1,0
4,4,0,4,24,22,2,1,4,0,4,4,2,1,1,0,4,0,4,4,1,0,1,0
2,2,3,2,30,11,19,7,2,3,2,2,19,7,12,4,2,3,2,2,12,4,8,3
0,4,1,1,7,0,7,2,4,1,0,1,7,0,7,2,4,1,0,1,7,0,7,2
2,4,2,2,21,8,13,5,4,2,2,2,13,5,8,3,4,2,2,2,8,3,5,2
2,0,0,2,5,1,4,1,0,0,2,2,4,1,3,1,0,0,2,2,3,1,2,0
3,4,3,4,15,10,5,4,4,3,3,4,5,3,2,1,4,3,3,4,2,1,1,0
0,3,2,0,14,1,13,1,3,2,0,0,13,1,12,1,3,2,0,0,12,1,11,1
2,1,4,1,34,13,21,6,1,4,2,1,21,8,13,3,1,4,2,1,13,5,8,2
3,0,3,3,39,27,12,8,0,3,3,3,12,8,4,2,0,3,3,3,4,2,2,1
1,1,3,3,33,9,24,16,1,3,1,3,24,7,17,11,1,3,1,3,17,5,12,8
1,1,3,2,30,9,21,8,1,3,1,2,21,6,15,6,1,3,1,2,15,4,11,4
3,4,3,0,7,4,3,0,4,3,3,0,3,2,1,0,4,3,3,0,1,0,1,0
4,4,3,0,25,23,2,0,4,3,4,0,2,1,1,0,4,3,4,0,1,0,1,0
3,0,3,1,33,23,10,3,0,3,3,1,10,6,4,1,0,3,3,1,4,2,2,0
2,0,1,1,20,8,12,3,0,1,2,1,12,4,8,2,0,1,2,1,8,3,5,1
3,0,1,2,28,19,9,3,0,1,3,2,9,6,3,1,0,1,3,2,3,2,1,0
4,3,2,1,17,16,1,0,3,2,4,1,1,0,1,0,3,2,4,1,1,0,1,0
4,2,3,2,27,25,2,0,2,3,4,2,2,1,1,0,2,3,4,2,1,0,1,0
1,1,4,2,35,10,25,9,1,4,1,2,25,7,18,7,1,4,1,2,18,5,13,5
2,2,3,1,7,2,5,1,2,3,2,1,5,1,4,1,2,3,2,1,4,1,3,0
0,4,2,1,17,1,16,4,4,2,0,1,16,1,15,4,4,2,0,1,15,1,14,4
4,3,4,0,11,10,1,0,3,4,4,0,1,0,1,0,3,4,4,0,1,0,1,0
4,1,1,4,11,10,1,0,1,1,4,4,1,0,1,0,1,1,4,4,1,0,1,0
0,2,3,2,19,1,18,7,2,3,0,2,18,1,17,6,2,3,0,2,17,1,16,6
4,0,4,2,38,36,2,0,0,4,4,2,2,1,1,0,0,4,4,2,1,0,1,0
2,2,2,2,2,0,2,0,2,2,2,2,2,0,2,0,2,2,2,2,2,0,2,0
2,0,2,1,25,9,16,4,0,2,2,1,16,6,10,3,0,2,2,1,10,3,7,2
3,2,0,3,9,6,3,2,2,0,3,3,3,2,1,0,2,0,3,3,1,0,1,0
0,1,1,4,4,0,4,3,1,1,0,4,4,0,4,3,1,1,0,4,4,0,4,3
3,0,1,2,10,7,3,1,0,1,3,2,3,2,1,0,0,1,3,2,1,0,1,0
0,4,2,4,18,1,17,16,4,2,0,4,17,1,16,15,4,2,0,4,16,1,15,14
0,2,4,2,34,3,31,12,2,4,0,2,31,3,28,11,2,4,0,2,28,2,26,10
0,1,1,3,14,1,13,9,1,1,0,3,13,1,12,8,1,1,0,3,12,1,11,7
2,4,4,2,5,1,4,1,4,4,2,2,4,1,3,1,4,4,2,2,3,1,2,0
4,3,3,3,29,27,2,1,3,3,4,3,2,1,1,0,3,3,4,3,1,0,1,0
1,4,4,1,9,2,7,2,4,4,1,1,7,2,5,1,4,4,1,1,5,1,4,1
0,2,1,3,22,2,20,13,2,1,0,3,20,1,19,13,2,1,0,3,19,1,18,12
2,3,4,0,6,2,4,0,3,4,2,0,4,1,3,0,3,4,2,0,3,1,2,0
3,2,2,4,14,9,5,4,2,2,3,4,5,3,2,1,2,2,3,4,2,1,1,0
4,2,2,4,31,29,2,1,2,2,4,4,2,1,1,0,2,2,4,4,1,0,1,0
4,4,4,3,13,12,1,0,4,4,4,3,1,0,1,0,4,4,4,3,1,0,1,0
4,2,0,4,0,0,0,0,2,0,4,4,0,0,0,0,2,0,4,4,0,0,0,0
4,4,2,1,18,17,1,0,4,2,4,1,1,0,1,0,4,2,4,1,1,0,1,0
3,2,3,2,37,25,12,4,2,3,3,2,12,8,4,1,2,3,3,2,4,2,2,0
2,0,1,2,13,5,8,3,0,1,2,2,8,3,5,2,0,1,2,2,5,1,4,1
2,2,4,1,28,11,17,5,2,4,2,1,17,6,11,3,2,4,2,1,11,4,7,2
2,3,4,1,20,8,12,3,3,4,2,1,12,4,8,2,3,4,2,1,8,3,5,1
2,1,1,3,14,5,9,6,1,1,2,3,9,3,6,4,1,1,2,3,6,2,4,2
2,1,2,3,33,13,20,14,1,2,2,3,20,8,12,8,1,2,2,3,12,4,8,5
4,3,4,2,8,7,1,0,3,4,4,2,1,0,1,0,3,4,4,2,1,0,1,0
1,2,4,2,30,8,22,8,2,4,1,2,22,6,16,6,2,4,1,2,16,4,12,4
4,3,4,0,5,4,1,0,3,4,4,0,1,0,1,0,3,4,4,0,1,0,1,0
4,2,2,4,14,13,1,0,2,2,4,4,1,0,1,0,2,2,4,4,1,0,1,0
2,0,3,1,34,13,21,6,0,3,2,1,21,8,13,3,0,3,2,1,13,5,8,2
3,4,0,3,13,9,4,2,4,0,3,3,4,2,2,1,4,0,3,3,2,1,1,0
2,3,2,4,14,5,9,8,3,2,2,4,9,3,6,5,3,2,2,4,6,2,4,3
2,1,3,4,13,5,8,7,1,3,2,4,8,3,5,4,1,3,2,4,5,1,4,3
0,3,0,1,1,0,1,0,3,0,0,1,1,0,1,0,3,0,0,1,1,0,1,0
0,4,2,2,7,0,7,2,4,2,0,2,7,0,7,2,4,2,0,2,7,0,7,2
1,0,2,3,39,11,28,19,0,2,1,3,28,8,20,14,0,2,1,3,20,5,15,10
3,4,2,2,12,8,4,1,4,2,3,2,4,2,2,0,4,2,3,2,2,1,1,0
2,2,2,4,12,4,8,7,2,2,2,4,8,3,5,4,2,2,2,4,5,1,4,3
4,0,4,0,39,37,2,0,0,4,4,0,2,1,1,0,0,4,4,0,1,0,1,0
3,2,2,0,15,10,5,0,2,2,3,0,5,3,2,0,2,2,3,0,2,1,1,0
2,0,4,4,26,10,16,15,0,4,2,4,16,6,10,9,0,4,2,4,10,3,7,6
0,2,3,4,21,2,19,18,2,3,0,4,19,1,18,17,2,3,0,4,18,1,17,16
3,1,1,4,10,7,3,2,1,1,3,4,3,2,1,0,1,1,3,4,1,0,1,0
4,2,0,2,4,3,1,0,2,0,4,2,1,0,1,0,2,0,4,2,1,0,1,0
2,0,4,1,35,13,22,6,0,4,2,1,22,8,14,4,0,4,2,1,14,5,9,2
3,1,4,1,39,27,12,3,1,4,3,1,12,8,4,1,1,4,3,1,4,2,2,0
1,2,4,3,19,5,14,9,2,4,1,3,14,4,10,7,2,4,1,3,10,3,7,4
0,0,3,1,27,2,25,7,0,3,0,1,25,2,23,6,0,3,0,1,23,2,21,6
0,1,3,1,26,2,24,7,1,3,0,1,24,2,22,6,1,3,0,1,22,2,20,6
4,3,4,4,17,16,1,0,3,4,4,4,1,0,1,0,3,4,4,4,1,0,1,0
4,1,1,4,22,20,2,1,1,1,4,4,2,1,1,0,1,1,4,4,1,0,1,0
2,0,4,4,36,14,22,20,0,4,2,4,22,8,14,13,0,4,2,4,14,5,9,8
1,4,0,4,3,0,3,2,4,0,1,4,3,0,3,2,4,0,1,4,3,0,3,2
3,2,4,3,32,22,10,6,2,4,3,3,10,7,3,2,2,4,3,3,3,2,1,0
3,4,2,3,12,8,4,2,4,2,3,3,4,2,2,1,4,2,3,3,2,1,1,0
2,3,4,2,15,5,10,4,3,4,2,2,10,3,7,2,3,4,2,2,7,2,5,1
1,1,1,4,12,3,9,8,1,1,1,4,9,2,7,6,1,1,1,4,7,2,5,4
2,2,0,2,3,1,2,0,2,0,2,2,2,0,2,0,2,0,2,2,2,0,2,0
1,3,4,2,17,5,12,4,3,4,1,2,12,3,9,3,3,4,1,2,9,2,7,2
0,4,1,3,0,0,0,0,4,1,0,3,0,0,0,0,4,1,0,3,0,0,0,0
1,3,1,2,5,1,4,1,3,1,1,2,4,1,3,1,3,1,1,2,3,0,3,1
0,4,0,3,4,0,4,2,4,0,0,3,4,0,4,2,4,0,0,3,4,0,4,2
3,2,2,1,22,15,7,2,2,2,3,1,7,4,3,0,2,2,3,1,3,2,1,0
3,4,4,0,16,11,5,0,4,4,3,0,5,3,2,0,4,4,3,0,2,1,1,0
4,4,4,1,33,31,2,0,4,4,4,1,2,1,1,0,4,4,4,1,1,0,1,0
0,3,1,3,4,0,4,2,3,1,0,3,4,0,4,2,3,1,0,3,4,0,4,2
4,3,3,4,18,17,1,0,3,3,4,4,1,0,1,0,3,3,4,4,1,0,1,0
0,3,4,3,8,0,8,5,3,4,0,3,8,0,8,5,3,4,0,3,8,0,8,5
0,4,2,1,5,0,5,1,4,2,0,1,5,0,5,1,4,2,0,1,5,0,5,1
4,0,0,4,7,6,1,0,0,0,4,4,1,0,1,0,0,0,4,4,1,0,1,0
1,0,0,4,26,7,19,18,0,0,1,4,19,5,14,13,0,0,1,4,14,4,10,9
2,4,0,4,10,4,6,5,4,0,2,4,6,2,4,3,4,0,2,4,4,1,3,2
1,3,3,1,14,4,10,3,3,3,1,1,10,2,8,2,3,3,1,1,8,2,6,1
1,2,2,3,22,6,16,11,2,2,1,3,16,4,12,8,2,2,1,3,12,3,9,6
3,0,4,4,29,20,9,8,0,4,3,4,9,6,3,2,0,4,3,4,3,2,1,0
2,1,2,4,28,11,17,16,1,2,2,4,17,6,11,10,1,2,2,4,11,4,7,6
4,3,2,3,2,1,1,0,3,2,4,3,1,0,1,0,3,2,4,3,1,0,1,0
2,0,3,3,33,13,20,14,0,3,2,3,20,8,12,8,0,3,2,3,12,4,8,5
1,2,3,2,12,3,9,3,2,3,1,2,9,2,7,2,2,3,1,2,7,2,5,1
0,2,2,0,11,1,10,0,2,2,0,0,10,0,10,1,2,2,0,0,10,1,9,0
2,1,2,3,19,7,12,8,1,2,2,3,12,4,8,5,1,2,2,3,8,3,5,3
1,3,0,2,0,0,0,0,3,0,1,2,0,0,0,0,3,0,1,2,0,0,0,0
3,3,4,1,23,16,7,2,3,4,3,1,7,4,3,0,3,4,3,1,3,2,1,0
4,2,0,2,9,8,1,0,2,0,4,2,1,0,1,0,2,0,4,2,1,0,1,0
4,0,1,2,31,29,2,0,0,1,4,2,2,1,1,0,0,1,4,2,1,0,1,0
0,0,3,2,27,2,25,10,0,3,0,2,25,2,23,9,0,3,0,2,23,2,21,8
1,0,1,2,30,9,21,8,0,1,1,2,21,6,15,5,0,1,1,2,15,4,11,4
3,2,0,3,6,4,2,1,2,0,3,3,2,1,1,0,2,0,3,3,1,0,1,0
4,1,3,0,20,18,2,0,1,3,4,0,2,1,1,0,1,3,4,0,1,0,1,0
0,0,0,2,22,2,20,7,0,0,0,2,20,2,18,7,0,0,0,2,18,1,17,6
2,1,1,0,25,9,16,1,1,1,2,0,16,6,10,0,1,1,2,0,10,4,6,0
1,1,2,4,19,5,14,13,1,2,1,4,14,4,10,9,1,2,1,4,10,3,7,6
0,3,0,2,4,0,4,1,3,0,0,2,4,0,4,1,3,0,0,2,4,0,4,1
0,2,1,4,13,1,12,11,2,1,0,4,12,1,11,10,2,1,0,4,11,1,10,9
1,0,4,3,35,10,25,17,0,4,1,3,25,7,18,12,0,4,1,3,18,5,13,9
4,4,1,3,5,4,1,0,4,1,4,3,1,0,1,0,4,1,4,3,1,0,1,0
1,4,4,4,4,1,3,2,4,4,1,4,3,0,3,2,4,4,1,4,3,0,3,2
2,3,2,2,5,2,3,1,3,2,2,2,3,1,2,0,3,2,2,2,2,0,2,0
1,1,1,0,22,6,16,1,1,1,1,0,16,4,12,1,1,1,1,0,12,3,9,0
4,2,0,3,21,19,2,1,2,0,4,3,2,1,1,0,2,0,4,3,1,0,1,0
3,1,3,0,18,12,6,0,1,3,3,0,6,4,2,0,1,3,3,0,2,1,1,0
1,0,2,1,16,4,12,3,0,2,1,1,12,3,9,2,0,2,1,1,9,2,7,2
1,2,1,4,19,5,14,13,2,1,1,4,14,4,10,9,2,1,1,4,10,3,7,6
4,0,4,3,37,35,2,1,0,4,4,3,2,1,1,0,0,4,4,3,1,0,1,0
3,1,3,4,27,18,9,8,1,3,3,4,9,6,3,2,1,3,3,4,3,2,1,0
3,0,0,0,10,6,4,0,0,0,3,0,4,2,2,0,0,0,3,0,2,1,1,0
1,0,2,0,23,6,17,1,0,2,1,0,17,5,12,1,0,2,1,0,12,3,9,0
1,0,1,2,20,6,14,5,0,1,1,2,14,4,10,4,0,1,1,2,10,2,8,3
2,2,4,3,32,12,20,14,2,4,2,3,20,7,13,9,2,4,2,3,13,5,8,5
2,1,2,3,20,7,13,9,1,2,2,3,13,5,8,5,1,2,2,3,8,3,5,3
2,1,3,1,38,15,23,6,1,3,2,1,23,9,14,4,1,3,2,1,14,5,9,2
4,2,3,4,17,16,1,0,2,3,4,4,1,0,1,0,2,3,4,4,1,0,1,0
1,4,3,1,9,2,7,2,4,3,1,1,7,2,5,1,4,3,1,1,5,1,4,1
1,4,2,4,29,8,21,19,4,2,1,4,21,6,15,14,4,2,1,4,15,4,11,10
1,2,3,3,23,6,17,11,2,3,1,3,17,5,12,8,2,3,1,3,12,3,9,6
1,2,1,4,8,2,6,5,2,1,1,4,6,1,5,4,2,1,1,4,5,1,4,3
4,4,2,1,4,3,1,0,4,2,4,1,1,0,1,0,4,2,4,1,1,0,1,0
0,3,1,3,7,0,7,4,3,1,0,3,7,0,7,4,3,1,0,3,7,0,7,4
2,3,0,0,4,1,3,0,3,0,2,0,3,1,2,0,3,0,2,0,2,0,2,0
4,0,2,4,38,36,2,1,0,2,4,4,2,1,1,0,0,2,4,4,1,0,1,0
0,3,4,4,29,2,27,25,3,4,0,4,27,2,25,23,3,4,0,4,25,2,23,21
0,3,3,3,27,2,25,17,3,3,0,3,25,2,23,16,3,3,0,3,23,2,21,14
3,0,3,4,38,26,12,11,0,3,3,4,12,8,4,3,0,3,3,4,4,2,2,1
1,4,2,1,11,3,8,2,4,2,1,1,8,2,6,1,4,2,1,1,6,1,5,1
1,4,0,1,7,2,5,1,4,0,1,1,5,1,4,1,4,0,1,1,4,1,3,0
2,4,3,0,0,0,0,0,4,3,2,0,0,0,0,0,4,3,2,0,0,0,0,0
2,1,1,0,8,3,5,0,1,1,2,0,5,2,3,0,1,1,2,0,3,1,2,0
2,3,4,2,17,6,11,4,3,4,2,2,11,4,7,2,3,4,2,2,7,2,5,1
0,4,0,3,0,0,0,0,4,0,0,3,0,0,0,0,4,0,0,3,0,0,0,0
2,1,3,0,29,11,18,1,1,3,2,0,18,7,11,1,1,3,2,0,11,4,7,0
3,1,0,3,15,10,5,3,1,0,3,3,5,3,2,1,1,0,3,3,2,1,1,0
2,1,0,0,23,9,14,1,1,0,2,0,14,5,9,0,1,0,2,0,9,3,6,0
2,0,1,0,26,10,16,1,0,1,2,0,16,6,10,0,0,1,2,0,10,4,6,0
3,4,2,2,3,2,1,0,4,2,3,2,1,0,1,0,4,2,3,2,1,0,1,0
1,4,2,1,5,1,4,1,4,2,1,1,4,1,3,0,4,2,1,1,3,0,3,0
0,2,2,0,26,2,24,2,2,2,0,0,24,2,22,2,2,2,0,0,22,2,20,2
0,2,3,4,29,2,27,25,2,3,0,4,27,2,25,23,2,3,0,4,25,2,23,21
3,4,2,1,8,5,3,0,4,2,3,1,3,2,1,0,4,2,3,1,1,0,1,0
2,1,3,1,35,14,21,6,1,3,2,1,21,8,13,3,1,3,2,1,13,5,8,2
1,0,1,3,24,7,17,11,0,1,1,3,17,5,12,8,0,1,1,3,12,3,9,6
2,4,3,4,6,2,4,3,4,3,2,4,4,1,3,2,4,3,2,4,3,1,2,1
3,1,4,0,37,25,12,1,1,4,3,0,12,8,4,0,1,4,3,0,4,2,2,0
1,2,0,4,23,6,17,16,2,0,1,4,17,5,12,11,2,0,1,4,12,3,9,8
4,1,2,0,17,16,1,0,1,2,4,0,1,0,1,0,1,2,4,0,1,0,1,0
0,3,4,0,10,0,10,1,3,4,0,0,10,0,10,0,3,4,0,0,10,1,9,0
1,1,0,1,29,8,21,6,1,0,1,1,21,6,15,4,1,0,1,1,15,4,11,3
3,0,3,3,30,21,9,6,0,3,3,3,9,6,3,2,0,3,3,3,3,2,1,0
3,0,1,1,13,9,4,1,0,1,3,1,4,2,2,0,0,1,3,1,2,1,1,0
4,4,2,3,12,11,1,0,4,2,4,3,1,0,1,0,4,2,4,3,1,0,1,0
1,1,2,0,32,9,23,2,1,2,1,0,23,6,17,1,1,2,1,0,17,5,12,1
3,4,1,4,3,2,1,0,4,1,3,4,1,0,1,0,4,1,3,4,1,0,1,0
0,0,3,4,37,3,34,32,0,3,0,4,34,3,31,29,0,3,0,4,31,3,28,26
3,4,4,2,1,0,1,0,4,4,3,2,1,0,1,0,4,4,3,2,1,0,1,0
0,2,3,2,34,3,31,12,2,3,0,2,31,3,28,11,2,3,0,2,28,2,26,10
3,0,2,0,35,24,11,1,0,2,3,0,11,7,4,0,0,2,3,0,4,2,2,0
1,1,3,2,37,11,26,10,1,3,1,2,26,7,19,7,1,3,1,2,19,5,14,5
3,1,4,3,33,23,10,7,1,4,3,3,10,7,3,2,1,4,3,3,3,2,1,0
2,2,0,0,2,0,2,0,2,0,2,0,2,0,2,0,2,0,2,0,2,0,2,0
4,0,1,4,18,17,1,0,0,1,4,4,1,0,1,0,0,1,4,4,1,0,1,0
2,1,3,2,28,11,17,6,1,3,2,2,17,6,11,4,1,3,2,2,11,4,7,2
0,2,4,1,16,1,15,4,2,4,0,1,15,1,14,4,2,4,0,1,14,1,13,3
4,2,1,4,1,0,1,0,2,1,4,4,1,0,1,0,2,1,4,4,1,0,1,0
4,4,1,0,12,11,1,0,4,1,4,0,1,0,1,0,4,1,4,0,1,0,1,0
2,1,2,0,26,10,16,1,1,2,2,0,16,6,10,1,1,2,2,0,10,3,7,0
3,0,1,2,20,13,7,2,0,1,3,2,7,4,3,1,0,1,3,2,3,2,1,0
0,1,1,0,30,3,27,2,1,1,0,0,27,2,25,2,1,1,0,0,25,2,23,2
1,2,1,4,9,2,7,6,2,1,1,4,7,2,5,4,2,1,1,4,5,1,4,3
2,4,3,0,19,7,12,1,4,3,2,0,12,4,8,0,4,3,2,0,8,3,5,0
3,1,2,2,28,19,9,3,1,2,3,2,9,6,3,1,1,2,3,2,3,2,1,0
4,3,2,3,11,10,1,0,3,2,4,3,1,0,1,0,3,2,4,3,1,0,1,0
3,1,1,4,16,11,5,4,1,1,3,4,5,3,2,1,1,1,3,4,2,1,1,0
0,1,2,2,24,2,22,8,1,2,0,2,22,2,20,7,1,2,0,2,20,1,19,7
0,3,4,1,15,1,14,4,3,4,0,1,14,1,13,3,3,4,0,1,13,1,12,3
0,3,3,3,7,0,7,4,3,3,0,3,7,0,7,4,3,3,0,3,7,0,7,4
1,2,2,2,8,2,6,2,2,2,1,2,6,1,5,2,2,2,1,2,5,1,4,1
1,3,3,1,29,8,21,6,3,3,1,1,21,6,15,4,3,3,1,1,15,4,11,3
1,0,3,3,34,10,24,16,0,3,1,3,24,7,17,11,0,3,1,3,17,5,12,8
3,4,1,4,4,2,2,1,4,1,3,4,2,1,1,0,4,1,3,4,1,0,1,0
0,1,0,4,25,2,23,21,1,0,0,4,23,2,21,19,1,0,0,4,21,2,19,18
4,1,1,2,27,25,2,0,1,1,4,2,2,1,1,0,1,1,4,2,1,0,1,0
4,3,4,0,21,19,2,0,3,4,4,0,2,1,1,0,3,4,4,0,1,0,1,0
0,4,1,4,22,2,20,19,4,1,0,4,20,1,19,18,4,1,0,4,19,1,18,17
2,3,2,1,9,3,6,1,3,2,2,1,6,2,4,1,3,2,2,1,4,1,3,0
0,4,0,1,18,1,17,5,4,0,0,1,17,1,16,4,4,0,0,1,16,1,15,4
2,1,4,2,27,10,17,6,1,4,2,2,17,6,11,4,1,4,2,2,11,4,7,2
2,0,1,3,32,12,20,14,0,1,2,3,20,7,13,9,0,1,2,3,13,5,8,5
0,0,1,0,30,2,28,2,0,1,0,0,28,2,26,2,0,1,0,0,26,2,24,2
0,0,4,0,34,3,31,3,0,4,0,0,31,3,28,2,0,4,0,0,28,2,26,2
0,4,3,4,23,2,21,19,4,3,0,4,21,2,19,18,4,3,0,4,19,1,18,17
3,2,3,3,15,10,5,3,2,3,3,3,5,3,2,1,2,3,3,3,2,1,1,0
0,3,4,2,10,0,10,4,3,4,0,2,10,0,10,3,3,4,0,2,10,0,10,3
1,2,4,4,21,6,15,14,2,4,1,4,15,4,11,10,2,4,1,4,11,3,8,7
3,3,0,4,6,4,2,1,3,0,3,4,2,1,1,0,3,0,3,4,1,0,1,0
1,0,4,3,33,9,24,16,0,4,1,3,24,7,17,11,0,4,1,3,17,5,12,8
0,3,4,0,18,1,17,1,3,4,0,0,17,1,16,1,3,4,0,0,16,1,15,1
3,4,4,2,35,24,11,4,4,4,3,2,11,7,4,1,4,4,3,2,4,2,2,0
4,1,2,1,22,20,2,0,1,2,4,1,2,1,1,0,1,2,4,1,1,0,1,0
3,2,3,1,32,22,10,3,2,3,3,1,10,6,4,1,2,3,3,1,4,2,2,0
2,2,2,1,31,12,19,5,2,2,2,1,19,7,12,3,2,2,2,1,12,4,8,2
4,2,4,4,23,21,2,1,2,4,4,4,2,1,1,0,2,4,4,4,1,0,1,0
1,3,1,4,5,1,4,3,3,1,1,4,4,1,3,2,3,1,1,4,3,0,3,2
4,1,0,1,13,12,1,0,1,0,4,1,1,0,1,0,1,0,4,1,1,0,1,0
4,0,4,2,24,22,2,0,0,4,4,2,2,1,1,0,0,4,4,2,1,0,1,0
3,4,1,2,4,2,2,0,4,1,3,2,2,1,1,0,4,1,3,2,1,0,1,0
0,4,4,1,8,0,8,2,4,4,0,1,8,0,8,2,4,4,0,1,8,0,8,2
2,3,1,1,2,0,2,0,3,1,2,1,2,0,2,0,3,1,2,1,2,0,2,0
4,0,1,2,8,7,1,0,0,1,4,2,1,0,1,0,0,1,4,2,1,0,1,0
2,2,4,0,24,9,15,1,2,4,2,0,15,6,9,0,2,4,2,0,9,3,6,0
3,1,0,1,9,6,3,0,1,0,3,1,3,2,1,0,1,0,3,1,1,0,1,0
2,2,3,2,3,1,2,0,2,3,2,2,2,0,2,0,2,3,2,2,2,0,2,0
2,3,0,4,5,1,4,3,3,0,2,4,4,1,3,2,3,0,2,4,3,1,2,1
2,0,0,2,4,1,3,1,0,0,2,2,3,1,2,0,0,0,2,2,2,0,2,0
0,4,1,2,14,1,13,5,4,1,0,2,13,1,12,4,4,1,0,2,12,1,11,4
2,4,1,0,10,4,6,0,4,1,2,0,6,2,4,0,4,1,2,0,4,1,3,0
1,1,3,3,28,8,20,13,1,3,1,3,20,6,14,9,1,3,1,3,14,4,10,6
0,0,0,1,8,0,8,2,0,0,0,1,8,0,8,2,0,0,0,1,8,0,8,2
1,4,1,0,12,3,9,0,4,1,1,0,9,2,7,0,4,1,1,0,7,2,5,0
0,1,4,2,33,3,30,12,1,4,0,2,30,3,27,10,1,4,0,2,27,2,25,9
0,1,4,1,36,3,33,9,1,4,0,1,33,3,30,9,1,4,0,1,30,3,27,8
1,4,3,1,11,3,8,2,4,3,1,1,8,2,6,1,4,3,1,1,6,1,5,1
2,1,2,4,19,7,12,11,1,2,2,4,12,4,8,7,1,2,2,4,8,3,5,4
3,4,2,0,0,0,0,0,4,2,3,0,0,0,0,0,4,2,3,0,0,0,0,0
2,0,1,3,15,5,10,6,0,1,2,3,10,4,6,4,0,1,2,3,6,2,4,2
3,1,2,4,22,15,7,6,1,2,3,4,7,4,3,2,1,2,3,4,3,2,1,0
0,1,4,4,33,3,30,28,1,4,0,4,30,2,28,26,1,4,0,4,28,2,26,24
1,0,0,2,13,3,10,3,0,0,1,2,10,2,8,3,0,0,1,2,8,2,6,2
4,2,1,0,21,19,2,0,2,1,4,0,2,1,1,0,2,1,4,0,1,0,1,0
3,0,3,4,34,23,11,10,0,3,3,4,11,7,4,3,0,3,3,4,4,2,2,1
0,2,4,4,35,3,32,30,2,4,0,4,32,3,29,27,2,4,0,4,29,2,27,25
0,1,0,0,12,1,11,1,1,0,0,0,11,1,10,0,1,0,0,0,10,1,9,0
1,1,0,3,13,3,10,6,1,0,1,3,10,2,8,5,1,0,1,3,8,2,6,4
2,3,4,3,19,7,12,8,3,4,2,3,12,4,8,5,3,4,2,3,8,3,5,3
4,1,2,2,25,23,2,0,1,2,4,2,2,1,1,0,1,2,4,2,1,0,1,0
2,1,4,3,33,13,20,14,1,4,2,3,20,7,13,9,1,4,2,3,13,5,8,5
3,1,3,0,25,17,8,0,1,3,3,0,8,5,3,0,1,3,3,0,3,2,1,0
4,2,2,1,19,18,1,0,2,2,4,1,1,0,1,0,2,2,4,1,1,0,1,0
0,0,3,0,36,3,33,3,0,3,0,0,33,3,30,2,0,3,0,0,30,2,28,2
0,4,0,2,2,0,2,0,4,0,0,2,2,0,2,0,4,0,0,2,2,0,2,0
0,2,0,3,23,2,21,14,2,0,0,3,21,2,19,13,2,0,0,3,19,1,18,12
4,2,4,1,35,33,2,0,2,4,4,1,2,1,1,0,2,4,4,1,1,0,1,0
3,3,0,1,8,5,3,0,3,0,3,1,3,2,1,0,3,0,3,1,1,0,1,0
4,3,0,2,1,0,1,0,3,0,4,2,1,0,1,0,3,0,4,2,1,0,1,0
1,0,0,1,6,1,5,1,0,0,1,1,5,1,4,1,0,0,1,1,4,1,3,0
4,3,2,2,21,19,2,0,3,2,4,2,2,1,1,0,3,2,4,2,1,0,1,0
2,2,4,1,29,11,18,5,2,4,2,1,18,7,11,3,2,4,2,1,11,4,7,2
2,4,1,3,0,0,0,0,4,1,2,3,0,0,0,0,4,1,2,3,0,0,0,0
2,0,3,2,33,13,20,7,0,3,2,2,20,8,12,4,0,3,2,2,12,4,8,3
3,2,4,2,30,20,10,3,2,4,3,2,10,6,4,1,2,4,3,2,4,2,2,0
4,3,2,1,26,24,2,0,3,2,4,1,2,1,1,0,3,2,4,1,1,0,1,0
0,1,2,3,9,0,9,6,1,2,0,3,9,0,9,6,1,2,0,3,9,0,9,6
2,4,0,0,3,1,2,0,4,0,2,0,2,0,2,0,4,0,2,0,2,0,2,0
4,4,3,1,7,6,1,0,4,3,4,1,1,0,1,0,4,3,4,1,1,0,1,0
1,2,4,1,8,2,6,1,2,4,1,1,6,1,5,1,2,4,1,1,5,1,4,1
4,0,0,3,4,3,1,0,0,0,4,3,1,0,1,0,0,0,4,3,1,0,1,0
2,2,0,0,7,2,5,0,2,0,2,0,5,1,4,0,2,0,2,0,4,1,3,0
0,3,3,1,15,1,14,4,3,3,0,1,14,1,13,3,3,3,0,1,13,1,12,3
4,0,2,4,23,21,2,1,0,2,4,4,2,1,1,0,0,2,4,4,1,0,1,0
1,0,3,4,38,11,27,25,0,3,1,4,27,8,19,18,0,3,1,4,19,5,14,13
2,1,1,2,7,2,5,2,1,1,2,2,5,1,4,1,1,1,2,2,4,1,3,1
2,2,3,4,30,12,18,17,2,3,2,4,18,7,11,10,2,3,2,4,11,4,7,6
3,4,3,4,26,18,8,7,4,3,3,4,8,5,3,2,4,3,3,4,3,2,1,0
4,3,0,3,2,1,1,0,3,0,4,3,1,0,1,0,3,0,4,3,1,0,1,0
0,0,1,1,39,3,36,10,0,1,0,1,36,3,33,9,0,1,0,1,33,3,30,9
2,0,2,1,38,15,23,6,0,2,2,1,23,9,14,4,0,2,2,1,14,5,9,2
1,3,1,3,12,3,9,6,3,1,1,3,9,2,7,4,3,1,1,3,7,2,5,3
1,2,3,3,22,6,16,11,2,3,1,3,16,4,12,8,2,3,1,3,12,3,9,6
1,0,4,3,38,11,27,18,0,4,1,3,27,8,19,13,0,4,1,3,19,5,14,9
1,1,1,3,11,3,8,5,1,1,1,3,8,2,6,4,1,1,1,3,6,1,5,3
0,3,2,0,23,2,21,2,3,2,0,0,21,2,19,1,3,2,0,0,19,1,18,1
2,2,1,0,22,8,14,1,2,1,2,0,14,5,9,0,2,1,2,0,9,3,6,0
3,1,3,0,27,18,9,0,1,3,3,0,9,6,3,0,1,3,3,0,3,2,1,0
0,3,3,3,21,2,19,13,3,3,0,3,19,1,18,12,3,3,0,3,18,1,17,11
3,0,2,2,28,19,9,3,0,2,3,2,9,6,3,1,0,2,3,2,3,2,1,0
2,2,1,2,5,2,3,1,2,1,2,2,3,1,2,0,2,1,2,2,2,0,2,0
3,2,1,1,11,7,4,1,2,1,3,1,4,2,2,0,2,1,3,1,2,1,1,0
1,4,2,4,10,3,7,6,4,2,1,4,7,2,5,4,4,2,1,4,5,1,4,3
4,0,3,3,35,33,2,1,0,3,4,3,2,1,1,0,0,3,4,3,1,0,1,0
0,1,1,3,22,2,20,13,1,1,0,3,20,1,19,13,1,1,0,3,19,1,18,12
3,2,4,2,18,12,6,2,2,4,3,2,6,4,2,0,2,4,3,2,2,1,1,0
2,1,2,0,39,15,24,2,1,2,2,0,24,9,15,1,1,2,2,0,15,6,9,0
3,2,2,3,13,9,4,2,2,2,3,3,4,2,2,1,2,2,3,3,2,1,1,0
0,2,4,3,35,3,32,22,2,4,0,3,32,3,29,20,2,4,0,3,29,2,27,18
4,2,4,3,34,32,2,1,2,4,4,3,2,1,1,0,2,4,4,3,1,0,1,0
3,1,0,3,19,13,6,4,1,0,3,3,6,4,2,1,1,0,3,3,2,1,1,0
0,0,0,3,10,1,9,6,0,0,0,3,9,0,9,6,0,0,0,3,9,0,9,6
3,4,1,0,4,2,2,0,4,1,3,0,2,1,1,0,4,1,3,0,1,0,1,0
0,2,2,1,27,2,25,7,2,2,0,1,25,2,23,6,2,2,0,1,23,2,21,6
2,1,2,1,24,9,15,4,1,2,2,1,15,6,9,2,1,2,2,1,9,3,6,1
1,2,2,1,24,7,17,5,2,2,1,1,17,5,12,3,2,2,1,1,12,3,9,2
0,2,2,4,17,1,16,15,2,2,0,4,16,1,15,14,2,2,0,4,15,1,14,13
0,4,0,4,4,0,4,3,4,0,0,4,4,0,4,3,4,0,0,4,4,0,4,3
4,0,3,0,39,37,2,0,0,3,4,0,2,1,1,0,0,3,4,0,1,0,1,0
1,3,1,4,12,3,9,8,3,1,1,4,9,2,7,6,3,1,1,4,7,2,5,4
3,3,4,0,22,15,7,0,3,4,3,0,7,4,3,0,3,4,3,0,3,2,1,0
1,1,0,3,5,1,4,2,1,0,1,3,4,1,3,2,1,0,1,3,3,0,3,2
4,2,3,4,33,31,2,1,2,3,4,4,2,1,1,0,2,3,4,4,1,0,1,0
0,4,4,0,11,1,10,1,4,4,0,0,10,0,10,1,4,4,0,0,10,1,9,0
0,1,1,3,10,1,9,6,1,1,0,3,9,0,9,6,1,1,0,3,9,0,9,6
1,1,0,0,21,6,15,1,1,0,1,0,15,4,11,1,1,0,1,0,11,3,8,0
2,3,2,3,11,4,7,4,3,2,2,3,7,2,5,3,3,2,2,3,5,1,4,2
4,2,0,1,28,26,2,0,2,0,4,1,2,1,1,0,2,0,4,1,1,0,1,0
4,2,2,2,37,35,2,0,2,2,4,2,2,1,1,0,2,2,4,2,1,0,1,0
2,4,2,3,6,2,4,2,4,2,2,3,4,1,3,2,4,2,2,3,3,1,2,1
3,2,4,3,20,13,7,4,2,4,3,3,7,4,3,2,2,4,3,3,3,2,1,0
3,4,3,0,25,17,8,0,4,3,3,0,8,5,3,0,4,3,3,0,3,2,1,0
2,0,2,1,22,8,14,4,0,2,2,1,14,5,9,2,0,2,2,1,9,3,6,1
2,3,0,1,10,4,6,1,3,0,2,1,6,2,4,1,3,0,2,1,4,1,3,0
2,4,3,3,1,0,1,0,4,3,2,3,1,0,1,0,4,3,2,3,1,0,1,0
3,0,2,0,21,14,7,0,0,2,3,0,7,4,3,0,0,2,3,0,3,2,1,0
0,0,1,0,24,2,22,2,0,1,0,0,22,2,20,2,0,1,0,0,20,2,18,1
1,3,2,4,2,0,2,1,3,2,1,4,2,0,2,1,3,2,1,4,2,0,2,1
3,2,0,4,5,3,2,1,2,0,3,4,2,1,1,0,2,0,3,4,1,0,1,0
3,4,4,4,7,4,3,2,4,4,3,4,3,2,1,0,4,4,3,4,1,0,1,0
2,4,4,3,11,4,7,4,4,4,2,3,7,2,5,3,4,4,2,3,5,2,3,2
3,1,2,1,22,15,7,2,1,2,3,1,7,4,3,0,1,2,3,1,3,2,1,0
3,4,4,4,15,10,5,4,4,4,3,4,5,3,2,1,4,4,3,4,2,1,1,0
1,4,4,0,16,4,12,1,4,4,1,0,12,3,9,0,4,4,1,0,9,2,7,0
4,1,4,1,39,37,2,0,1,4,4,1,2,1,1,0,1,4,4,1,1,0,1,0
1,2,1,1,10,2,8,2,2,1,1,1,8,2,6,1,2,1,1,1,6,1,5,1
0,3,1,3,18,1,17,11,3,1,0,3,17,1,16,11,3,1,0,3,16,1,15,10
2,0,4,2,36,14,22,8,0,4,2,2,22,8,14,5,0,4,2,2,14,5,9,3
0,0,1,4,7,0,7,6,0,1,0,4,7,0,7,6,0,1,0,4,7,0,7,6
4,1,2,2,26,24,2,0,1,2,4,2,2,1,1,0,1,2,4,2,1,0,1,0
4,4,1,2,10,9,1,0,4,1,4,2,1,0,1,0,4,1,4,2,1,0,1,0
3,3,4,1,24,16,8,2,3,4,3,1,8,5,3,0,3,4,3,1,3,2,1,0
2,0,3,2,34,13,21,8,0,3,2,2,21,8,13,5,0,3,2,2,13,5,8,3
3,3,3,4,27,18,9,8,3,3,3,4,9,6,3,2,3,3,3,4,3,2,1,0
4,0,4,1,30,28,2,0,0,4,4,1,2,1,1,0,0,4,4,1,1,0,1,0
3,0,4,2,32,22,10,3,0,4,3,2,10,6,4,1,0,4,3,2,4,2,2,0
2,0,2,2,29,11,18,7,0,2,2,2,18,7,11,4,0,2,2,2,11,4,7,2
1,0,2,3,36,10,26,18,0,2,1,3,26,7,19,13,0,2,1,3,19,5,14,9
2,3,2,4,17,6,11,10,3,2,2,4,11,4,7,6,3,2,2,4,7,2,5,4
2,2,3,1,20,8,12,3,2,3,2,1,12,4,8,2,2,3,2,1,8,3,5,1
1,3,2,1,16,4,12,3,3,2,1,1,12,3,9,2,3,2,1,1,9,2,7,2
4,2,4,0,25,23,2,0,2,4,4,0,2,1,1,0,2,4,4,0,1,0,1,0
3,4,4,1,8,5,3,0,4,4,3,1,3,2,1,0,4,4,3,1,1,0,1,0
3,4,0,4,11,7,4,3,4,0,3,4,4,2,2,1,4,0,3,4,2,1,1,0
2,3,1,4,28,11,17,16,3,1,2,4,17,6,11,10,3,1,2,4,11,4,7,6
1,0,4,0,27,8,19,1,0,4,1,0,19,5,14,1,0,4,1,0,14,4,10,0
3,2,0,0,5,3,2,0,2,0,3,0,2,1,1,0,2,0,3,0,1,0,1,0
3,0,0,2,20,14,6,2,0,0,3,2,6,4,2,0,0,0,3,2,2,1,1,0
4,3,2,4,10,9,1,0,3,2,4,4,1,0,1,0,3,2,4,4,1,0,1,0
0,1,2,1,21,2,19,5,1,2,0,1,19,1,18,5,1,2,0,1,18,1,17,5
4,3,3,2,35,33,2,0,3,3,4,2,2,1,1,0,3,3,4,2,1,0,1,0
3,3,2,3,24,16,8,5,3,2,3,3,8,5,3,2,3,2,3,3,3,2,1,0
3,1,2,1,6,4,2,0,1,2,3,1,2,1,1,0,1,2,3,1,1,0,1,0
0,0,0,1,5,0,5,1,0,0,0,1,5,0,5,1,0,0,0,1,5,0,5,1
0,2,0,1,4,0,4,1,2,0,0,1,4,0,4,1,2,0,0,1,4,0,4,1
0,1,1,0,3,0,3,0,1,1,0,0,3,0,3,0,1,1,0,0,3,0,3,0
1,4,0,1,2,0,2,0,4,0,1,1,2,0,2,0,4,0,1,1,2,0,2,0
3,1,2,3,22,15,7,4,1,2,3,3,7,4,3,2,1,2,3,3,3,2,1,0
4,0,3,4,36,34,2,1,0,3,4,4,2,1,1,0,0,3,4,4,1,0,1,0
4,4,4,2,11,10,1,0,4,4,4,2,1,0,1,0,4,4,4,2,1,0,1,0
2,1,4,3,37,14,23,16,1,4,2,3,23,9,14,9,1,4,2,3,14,5,9,6
3,3,4,3,8,5,3,2,3,4,3,3,3,2,1,0,3,4,3,3,1,0,1,0
0,3,2,2,16,1,15,5,3,2,0,2,15,1,14,5,3,2,0,2,14,1,13,5
0,1,0,1,8,0,8,2,1,0,0,1,8,0,8,2,1,0,0,1,8,0,8,2
1,4,0,2,12,3,9,3,4,0,1,2,9,2,7,2,4,0,1,2,7,2,5,2
1,2,3,2,18,5,13,5,2,3,1,2,13,3,10,4,2,3,1,2,10,3,7,2
4,0,2,4,24,22,2,1,0,2,4,4,2,1,1,0,0,2,4,4,1,0,1,0
4,3,0,2,14,13,1,0,3,0,4,2,1,0,1,0,3,0,4,2,1,0,1,0
3,4,4,2,18,12,6,2,4,4,3,2,6,4,2,0,4,4,3,2,2,1,1,0
1,3,4,4,18,5,13,12,3,4,1,4,13,3,10,9,3,4,1,4,10,2,8,7
4,4,4,3,12,11,1,0,4,4,4,3,1,0,1,0,4,4,4,3,1,0,1,0
2,3,4,1,25,9,16,4,3,4,2,1,16,6,10,3,3,4,2,1,10,3,7,2
2,3,2,0,1,0,1,0,3,2,2,0,1,0,1,0,3,2,2,0,1,0,1,0
4,2,2,4,17,16,1,0,2,2,4,4,1,0,1,0,2,2,4,4,1,0,1,0
0,4,2,2,10,1,9,3,4,2,0,2,9,0,9,3,4,2,0,2,9,0,9,3
1,0,3,1,32,9,23,6,0,3,1,1,23,6,17,5,0,3,1,1,17,5,12,3
2,2,1,1,2,0,2,0,2,1,2,1,2,0,2,0,2,1,2,1,2,0,2,0
2,4,1,0,6,2,4,0,4,1,2,0,4,1,3,0,4,1,2,0,3,1,2,0
4,1,3,2,32,30,2,0,1,3,4,2,2,1,1,0,1,3,4,2,1,0,1,0
1,4,1,3,13,3,10,6,4,1,1,3,10,2,8,5,4,1,1,3,8,2,6,4
0,0,1,2,23,2,21,8,0,1,0,2,21,2,19,7,0,1,0,2,19,1,18,7
3,1,4,1,31,21,10,3,1,4,3,1,10,6,4,1,1,4,3,1,4,2,2,0
1,0,0,3,5,1,4,2,0,0,1,3,4,1,3,2,0,0,1,3,3,0,3,2
2,2,1,0,13,5,8,0,2,1,2,0,8,3,5,0,2,1,2,0,5,2,3,0
0,3,1,2,3,0,3,1,3,1,0,2,3,0,3,1,3,1,0,2,3,0,3,1
2,3,2,4,11,4,7,6,3,2,2,4,7,2,5,4,3,2,2,4,5,2,3,2
1,1,2,1,28,8,20,6,1,2,1,1,20,5,15,4,1,2,1,1,15,4,11,3
3,4,3,1,2,1,1,0,4,3,3,1,1,0,1,0,4,3,3,1,1,0,1,0
4,1,2,2,35,33,2,0,1,2,4,2,2,1,1,0,1,2,4,2,1,0,1,0
2,0,3,4,37,14,23,21,0,3,2,4,23,9,14,13,0,3,2,4,14,5,9,8
0,2,0,1,8,0,8,2,2,0,0,1,8,0,8,2,2,0,0,1,8,0,8,2
4,3,4,4,25,23,2,1,3,4,4,4,2,1,1,0,3,4,4,4,1,0,1,0
0,3,1,2,12,1,11,4,3,1,0,2,11,1,10,3,3,1,0,2,10,1,9,3
1,4,3,0,24,7,17,1,4,3,1,0,17,5,12,1,4,3,1,0,12,3,9,0
2,2,1,4,20,8,12,11,2,1,2,4,12,4,8,7,2,1,2,4,8,3,5,4
0,3,1,4,19,1,18,17,3,1,0,4,18,1,17,16,3,1,0,4,17,1,16,15
4,0,1,4,15,14,1,0,0,1,4,4,1,0,1,0,0,1,4,4,1,0,1,0
0,3,4,0,34,3,31,3,3,4,0,0,31,3,28,2,3,4,0,0,28,2,26,2
3,0,2,3,29,20,9,6,0,2,3,3,9,6,3,2,0,2,3,3,3,2,1,0
4,2,3,4,22,20,2,1,2,3,4,4,2,1,1,0,2,3,4,4,1,0,1,0
2,3,4,1,9,3,6,1,3,4,2,1,6,2,4,1,3,4,2,1,4,1,3,0
4,0,3,0,36,34,2,0,0,3,4,0,2,1,1,0,0,3,4,0,1,0,1,0
0,0,4,3,38,3,35,24,0,4,0,3,35,3,32,22,0,4,0,3,32,3,29,20
3,0,4,2,31,21,10,4,0,4,3,2,10,7,3,1,0,4,3,2,3,2,1,0
1,2,2,0,22,6,16,1,2,2,1,0,16,4,12,1,2,2,1,0,12,3,9,0
3,3,0,4,7,4,3,2,3,0,3,4,3,2,1,0,3,0,3,4,1,0,1,0
2,2,2,0,10,3,7,0,2,2,2,0,7,2,5,0,2,2,2,0,5,1,4,0
0,1,1,3,34,3,31,21,1,1,0,3,31,3,28,19,1,1,0,3,28,2,26,18
0,4,4,1,20,2,18,5,4,4,0,1,18,1,17,5,4,4,0,1,17,1,16,4
2,3,2,1,3,1,2,0,3,2,2,1,2,0,2,0,3,2,2,1,2,0,2,0
2,3,4,1,36,14,22,6,3,4,2,1,22,8,14,4,3,4,2,1,14,5,9,2
2,3,3,2,32,12,20,8,3,3,2,2,20,7,13,5,3,3,2,2,13,5,8,3
0,0,1,1,23,2,21,6,0,1,0,1,21,2,19,5,0,1,0,1,19,1,18,5
0,1,2,4,20,1,19,18,1,2,0,4,19,1,18,17,1,2,0,4,18,1,17,16
3,1,4,3,25,17,8,5,1,4,3,3,8,5,3,2,1,4,3,3,3,2,1,0
3,2,2,3,14,9,5,3,2,2,3,3,5,3,2,1,2,2,3,3,2,1,1,0
0,4,2,0,15,1,14,1,4,2,0,0,14,1,13,1,4,2,0,0,13,1,12,1
4,4,0,2,15,14,1,0,4,0,4,2,1,0,1,0,4,0,4,2,1,0,1,0
2,4,1,4,5,2,3,2,4,1,2,4,3,1,2,1,4,1,2,4,2,0,2,1
0,1,0,1,23,2,21,6,1,0,0,1,21,2,19,5,1,0,0,1,19,1,18,5
3,3,1,3,11,7,4,2,3,1,3,3,4,2,2,1,3,1,3,3,2,1,1,0
2,2,3,3,20,7,13,9,2,3,2,3,13,5,8,5,2,3,2,3,8,3,5,3
3,4,1,4,22,15,7,6,4,1,3,4,7,4,3,2,4,1,3,4,3,2,1,0
0,4,2,3,8,0,8,5,4,2,0,3,8,0,8,5,4,2,0,3,8,0,8,5
2,0,0,2,22,8,14,5,0,0,2,2,14,5,9,3,0,0,2,2,9,3,6,2
3,1,0,1,6,4,2,0,1,0,3,1,2,1,1,0,1,0,3,1,1,0,1,0
4,3,0,2,22,20,2,0,3,0,4,2,2,1,1,0,3,0,4,2,1,0,1,0
0,4,0,3,4,0,4,2,4,0,0,3,4,0,4,2,4,0,0,3,4,0,4,2
1,1,2,3,16,4,12,8,1,2,1,3,12,3,9,6,1,2,1,3,9,2,7,4
2,4,0,2,23,9,14,5,4,0,2,2,14,5,9,3,4,0,2,2,9,3,6,2
2,3,3,4,25,9,16,15,3,3,2,4,16,6,10,9,3,3,2,4,10,4,6,5
4,4,4,0,1,0,1,0,4,4,4,0,1,0,1,0,4,4,4,0,1,0,1,0
3,0,1,4,37,25,12,11,0,1,3,4,12,8,4,3,0,1,3,4,4,2,2,1
0,1,2,2,23,2,21,8,1,2,0,2,21,2,19,7,1,2,0,2,19,1,18,7
1,0,1,1,26,7,19,5,0,1,1,1,19,5,14,4,0,1,1,1,14,4,10,2
4,1,2,2,30,28,2,0,1,2,4,2,2,1,1,0,1,2,4,2,1,0,1,0
2,3,1,4,30,11,19,18,3,1,2,4,19,7,12,11,3,1,2,4,12,4,8,7
4,1,1,0,2,1,1,0,1,1,4,0,1,0,1,0,1,1,4,0,1,0,1,0
4,1,4,3,30,28,2,1,1,4,4,3,2,1,1,0,1,4,4,3,1,0,1,0
3,4,1,2,5,3,2,0,4,1,3,2,2,1,1,0,4,1,3,2,1,0,1,0
0,2,2,1,13,1,12,3,2,2,0,1,12,1,11,3,2,2,0,1,11,1,10,2
0,0,1,2,34,3,31,12,0,1,0,2,31,3,28,11,0,1,0,2,28,2,26,10
4,1,3,0,38,36,2,0,1,3,4,0,2,1,1,0,1,3,4,0,1,0,1,0
1,3,4,3,19,5,14,9,3,4,1,3,14,4,10,6,3,4,1,3,10,2,8,5
1,4,2,1,4,1,3,0,4,2,1,1,3,0,3,0,4,2,1,1,3,0,3,0
0,0,2,3,31,3,28,19,0,2,0,3,28,2,26,18,0,2,0,3,26,2,24,16
3,3,2,2,13,9,4,1,3,2,3,2,4,2,2,0,3,2,3,2,2,1,1,0
0,4,0,2,0,0,0,0,4,0,0,2,0,0,0,0,4,0,0,2,0,0,0,0
3,2,2,4,8,5,3,2,2,2,3,4,3,2,1,0,2,2,3,4,1,0,1,0
1,2,2,3,21,6,15,10,2,2,1,3,15,4,11,7,2,2,1,3,11,3,8,5
4,1,0,4,17,16,1,0,1,0,4,4,1,0,1,0,1,0,4,4,1,0,1,0
0,3,1,3,8,0,8,5,3,1,0,3,8,0,8,5,3,1,0,3,8,0,8,5
3,1,0,0,1,0,1,0,1,0,3,0,1,0,1,0,1,0,3,0,1,0,1,0
4,4,4,3,12,11,1,0,4,4,4,3,1,0,1,0,4,4,4,3,1,0,1,0
0,0,4,3,38,3,35,24,0,4,0,3,35,3,32,22,0,4,0,3,32,3,29,20
2,2,0,2,7,2,5,2,2,0,2,2,5,2,3,1,2,0,2,2,3,1,2,0
1,4,1,4,10,2,8,7,4,1,1,4,8,2,6,5,4,1,1,4,6,1,5,4
1,1,4,0,32,9,23,2,1,4,1,0,23,6,17,1,1,4,1,0,17,5,12,1
2,0,4,1,36,14,22,6,0,4,2,1,22,8,14,4,0,4,2,1,14,5,9,2
4,4,0,4,6,5,1,0,4,0,4,4,1,0,1,0,4,0,4,4,1,0,1,0
3,1,3,1,34,23,11,3,1,3,3,1,11,7,4,1,1,3,3,1,4,2,2,0
4,0,3,3,38,36,2,1,0,3,4,3,2,1,1,0,0,3,4,3,1,0,1,0
0,3,3,0,7,0,7,0,3,3,0,0,7,0,7,0,3,3,0,0,7,0,7,0
4,3,2,3,14,13,1,0,3,2,4,3,1,0,1,0,3,2,4,3,1,0,1,0
0,4,1,2,9,0,9,3,4,1,0,2,9,0,9,3,4,1,0,2,9,0,9,3
4,1,2,2,29,27,2,0,1,2,4,2,2,1,1,0,1,2,4,2,1,0,1,0
1,0,1,4,34,10,24,22,0,1,1,4,24,7,17,16,0,1,1,4,17,5,12,11
1,0,0,0,1,0,1,0,0,0,1,0,1,0,1,0,0,0,1,0,1,0,1,0
1,2,1,1,11,3,8,2,2,1,1,1,8,2,6,1,2,1,1,1,6,1,5,1
3,0,3,1,37,25,12,3,0,3,3,1,12,8,4,1,0,3,3,1,4,2,2,0
3,2,1,1,34,23,11,3,2,1,3,1,11,7,4,1,2,1,3,1,4,2,2,0
4,2,0,1,13,12,1,0,2,0,4,1,1,0,1,0,2,0,4,1,1,0,1,0
0,1,3,2,39,3,36,14,1,3,0,2,36,3,33,13,1,3,0,2,33,3,30,11
1,3,0,2,6,1,5,1,3,0,1,2,5,1,4,1,3,0,1,2,4,1,3,1
0,1,2,1,26,2,24,7,1,2,0,1,24,2,22,6,1,2,0,1,22,2,20,6
4,3,2,1,1,0,1,0,3,2,4,1,1,0,1,0,3,2,4,1,1,0,1,0
4,3,1,2,11,10,1,0,3,1,4,2,1,0,1,0,3,1,4,2,1,0,1,0
4,2,0,2,7,6,1,0,2,0,4,2,1,0,1,0,2,0,4,2,1,0,1,0
2,2,1,1,0,0,0,0,2,1,2,1,0,0,0,0,2,1,2,1,0,0,0,0
2,4,4,1,8,3,5,1,4,4,2,1,5,1,4,1,4,4,2,1,4,1,3,0
0,2,2,3,27,2,25,17,2,2,0,3,25,2,23,16,2,2,0,3,23,2,21,14
4,1,2,3,6,5,1,0,1,2,4,3,1,0,1,0,1,2,4,3,1,0,1,0
4,2,3,2,24,22,2,0,2,3,4,2,2,1,1,0,2,3,4,2,1,0,1,0
2,2,0,0,8,3,5,0,2,0,2,0,5,1,4,0,2,0,2,0,4,1,3,0
4,2,1,4,10,9,1,0,2,1,4,4,1,0,1,0,2,1,4,4,1,0,1,0
3,3,2,1,1,0,1,0,3,2,3,1,1,0,1,0,3,2,3,1,1,0,1,0
2,0,2,0,24,9,15,1,0,2,2,0,15,6,9,0,0,2,2,0,9,3,6,0
3,4,4,0,9,6,3,0,4,4,3,0,3,2,1,0,4,4,3,0,1,0,1,0
0,2,4,3,33,3,30,21,2,4,0,3,30,2,28,19,2,4,0,3,28,2,26,18
4,2,0,1,1,0,1,0,2,0,4,1,1,0,1,0,2,0,4,1,1,0,1,0
4,2,0,3,15,14,1,0,2,0,4,3,1,0,1,0,2,0,4,3,1,0,1,0
2,2,0,1,7,2,5,1,2,0,2,1,5,2,3,0,2,0,2,1,3,1,2,0
0,0,2,1,39,3,36,10,0,2,0,1,36,3,33,9,0,2,0,1,33,3,30,8
2,1,4,4,35,13,22,20,1,4,2,4,22,8,14,13,1,4,2,4,14,5,9,8
3,0,0,0,8,5,3,0,0,0,3,0,3,2,1,0,0,0,3,0,1,0,1,0
3,2,1,1,10,6,4,1,2,1,3,1,4,2,2,0,2,1,3,1,2,1,1,0
0,3,2,4,2,0,2,1,3,2,0,4,2,0,2,1,3,2,0,4,2,0,2,1
1,3,0,2,3,0,3,1,3,0,1,2,3,0,3,1,3,0,1,2,3,0,3,1
1,4,1,3,0,0,0,0,4,1,1,3,0,0,0,0,4,1,1,3,0,0,0,0
1,2,4,3,30,9,21,14,2,4,1,3,21,6,15,10,2,4,1,3,15,4,11,7
4,1,1,3,21,19,2,1,1,1,4,3,2,1,1,0,1,1,4,3,1,0,1,0
2,2,1,1,11,4,7,2,2,1,2,1,7,2,5,1,2,1,2,1,5,2,3,0
0,3,1,2,19,1,18,7,3,1,0,2,18,1,17,6,3,1,0,2,17,1,16,6
4,4,0,2,7,6,1,0,4,0,4,2,1,0,1,0,4,0,4,2,1,0,1,0
4,1,0,2,10,9,1,0,1,0,4,2,1,0,1,0,1,0,4,2,1,0,1,0
4,2,0,2,12,11,1,0,2,0,4,2,1,0,1,0,2,0,4,2,1,0,1,0
4,4,2,1,1,0,1,0,4,2,4,1,1,0,1,0,4,2,4,1,1,0,1,0
4,1,4,1,34,32,2,0,1,4,4,1,2,1,1,0,1,4,4,1,1,0,1,0
4,1,3,0,36,34,2,0,1,3,4,0,2,1,1,0,1,3,4,0,1,0,1,0
0,1,2,4,25,2,23,21,1,2,0,4,23,2,21,19,1,2,0,4,21,2,19,18
4,0,3,2,34,32,2,0,0,3,4,2,2,1,1,0,0,3,4,2,1,0,1,0
2,0,2,0,10,3,7,0,0,2,2,0,7,2,5,0,0,2,2,0,5,1,4,0
3,2,4,0,7,4,3,0,2,4,3,0,3,2,1,0,2,4,3,0,1,0,1,0
0,0,0,3,0,0,0,0,0,0,0,3,0,0,0,0,0,0,0,3,0,0,0,0
1,0,3,4,34,10,24,22,0,3,1,4,24,7,17,16,0,3,1,4,17,5,12,11
0,4,2,3,3,0,3,2,4,2,0,3,3,0,3,2,4,2,0,3,3,0,3,2
0,4,0,0,2,0,2,0,4,0,0,0,2,0,2,0,4,0,0,0,2,0,2,0
3,1,3,2,25,17,8,3,1,3,3,2,8,5,3,1,1,3,3,2,3,2,1,0
0,0,3,3,24,2,22,15,0,3,0,3,22,2,20,13,0,3,0,3,20,1,19,13
0,4,2,4,8,0,8,7,4,2,0,4,8,0,8,7,4,2,0,4,8,0,8,7
0,4,2,1,17,1,16,4,4,2,0,1,16,1,15,4,4,2,0,1,15,1,14,4
3,0,3,1,15,10,5,1,0,3,3,1,5,3,2,0,0,3,3,1,2,1,1,0
0,3,4,0,16,1,15,1,3,4,0,0,15,1,14,1,3,4,0,0,14,1,13,1
4,2,4,0,27,25,2,0,2,4,4,0,2,1,1,0,2,4,4,0,1,0,1,0
4,4,2,2,0,0,0,0,4,2,4,2,0,0,0,0,4,2,4,2,0,0,0,0
3,1,2,3,25,17,8,5,1,2,3,3,8,5,3,2,1,2,3,3,3,2,1,0
2,1,3,3,39,15,24,16,1,3,2,3,24,9,15,10,1,3,2,3,15,6,9,6
4,3,0,1,4,3,1,0,3,0,4,1,1,0,1,0,3,0,4,1,1,0,1,0
3,4,2,1,13,9,4,1,4,2,3,1,4,2,2,0,4,2,3,1,2,1,1,0
0,4,4,3,7,0,7,4,4,4,0,3,7,0,7,4,4,4,0,3,7,0,7,4
3,3,4,0,12,8,4,0,3,4,3,0,4,2,2,0,3,4,3,0,2,1,1,0
3,1,2,1,15,10,5,1,1,2,3,1,5,3,2,0,1,2,3,1,2,1,1,0
1,4,0,2,4,1,3,1,4,0,1,2,3,0,3,1,4,0,1,2,3,0,3,1
4,2,2,2,32,30,2,0,2,2,4,2,2,1,1,0,2,2,4,2,1,0,1,0
3,4,2,4,25,17,8,7,4,2,3,4,8,5,3,2,4,2,3,4,3,2,1,0
4,2,1,1,23,21,2,0,2,1,4,1,2,1,1,0,2,1,4,1,1,0,1,0
4,1,3,1,31,29,2,0,1,3,4,1,2,1,1,0,1,3,4,1,1,0,1,0
1,2,1,1,11,3,8,2,2,1,1,1,8,2,6,1,2,1,1,1,6,1,5,1
3,2,0,2,7,4,3,1,2,0,3,2,3,2,1,0,2,0,3,2,1,0,1,0
4,2,1,3,10,9,1,0,2,1,4,3,1,0,1,0,2,1,4,3,1,0,1,0
0,1,3,4,29,2,27,25,1,3,0,4,27,2,25,23,1,3,0,4,25,2,23,21
2,4,1,1,17,6,11,3,4,1,2,1,11,4,7,2,4,1,2,1,7,2,5,1
4,0,2,2,26,24,2,0,0,2,4,2,2,1,1,0,0,2,4,2,1,0,1,0
0,1,1,1,1,0,1,0,1,1,0,1,1,0,1,0,1,1,0,1,1,0,1,0
4,0,1,4,24,22,2,1,0,1,4,4,2,1,1,0,0,1,4,4,1,0,1,0
0,4,0,3,3,0,3,2,4,0,0,3,3,0,3,2,4,0,0,3,3,0,3,2
0,4,2,2,16,1,15,5,4,2,0,2,15,1,14,5,4,2,0,2,14,1,13,5
3,2,3,2,35,24,11,4,2,3,3,2,11,7,4,1,2,3,3,2,4,2,2,0
3,4,1,3,2,1,1,0,4,1,3,3,1,0,1,0,4,1,3,3,1,0,1,0
0,1,2,0,20,2,18,1,1,2,0,0,18,1,17,1,1,2,0,0,17,1,16,1
2,0,4,1,30,11,19,5,0,4,2,1,19,7,12,3,0,4,2,1,12,4,8,2
4,2,0,0,0,0,0,0,2,0,4,0,0,0,0,0,2,0,4,0,0,0,0,0
4,2,1,1,12,11,1,0,2,1,4,1,1,0,1,0,2,1,4,1,1,0,1,0
3,4,1,3,7,4,3,2,4,1,3,3,3,2,1,0,4,1,3,3,1,0,1,0
1,1,4,2,34,10,24,9,1,4,1,2,24,7,17,6,1,4,1,2,17,5,12,4
3,4,0,1,4,2,2,0,4,0,3,1,2,1,1,0,4,0,3,1,1,0,1,0
4,2,3,2,30,28,2,0,2,3,4,2,2,1,1,0,2,3,4,2,1,0,1,0
3,3,0,4,2,1,1,0,3,0,3,4,1,0,1,0,3,0,3,4,1,0,1,0
4,3,0,1,12,11,1,0,3,0,4,1,1,0,1,0,3,0,4,1,1,0,1,0
4,3,4,0,4,3,1,0,3,4,4,0,1,0,1,0,3,4,4,0,1,0,1,0
3,4,2,1,5,3,2,0,4,2,3,1,2,1,1,0,4,2,3,1,1,0,1,0
2,3,3,1,15,6,9,2,3,3,2,1,9,3,6,1,3,3,2,1,6,2,4,1
1,2,0,4,15,4,11,10,2,0,1,4,11,3,8,7,2,0,1,4,8,2,6,5
2,4,4,1,4,1,3,0,4,4,2,1,3,1,2,0,4,4,2,1,2,0,2,0
1,4,1,2,21,6,15,6,4,1,1,2,15,4,11,4,4,1,1,2,11,3,8,3
3,0,3,2,33,23,10,4,0,3,3,2,10,6,4,1,0,3,3,2,4,2,2,0
4,0,1,4,28,26,2,1,0,1,4,4,2,1,1,0,0,1,4,4,1,0,1,0
4,4,1,3,13,12,1,0,4,1,4,3,1,0,1,0,4,1,4,3,1,0,1,0
4,0,1,2,22,20,2,0,0,1,4,2,2,1,1,0,0,1,4,2,1,0,1,0
0,1,3,4,28,2,26,24,1,3,0,4,26,2,24,22,1,3,0,4,24,2,22,20
2,0,0,4,5,2,3,2,0,0,2,4,3,1,2,1,0,0,2,4,2,0,2,1
1,3,4,2,10,2,8,3,3,4,1,2,8,2,6,2,3,4,1,2,6,1,5,2
4,2,0,2,7,6,1,0,2,0,4,2,1,0,1,0,2,0,4,2,1,0,1,0
4,3,2,3,14,13,1,0,3,2,4,3,1,0,1,0,3,2,4,3,1,0,1,0
1,0,3,4,28,8,20,19,0,3,1,4,20,5,15,14,0,3,1,4,15,4,11,10
1,3,2,1,24,7,17,5,3,2,1,1,17,5,12,3,3,2,1,1,12,3,9,2
3,1,3,1,39,27,12,3,1,3,3,1,12,8,4,1,1,3,3,1,4,2,2,0
3,0,0,1,8,5,3,0,0,0,3,1,3,2,1,0,0,0,3,1,1,0,1,0
1,2,1,2,3,0,3,1,2,1,1,2,3,0,3,1,2,1,1,2,3,0,3,1
0,1,2,3,23,2,21,14,1,2,0,3,21,2,19,13,1,2,0,3,19,1,18,12
1,2,3,0,23,6,17,1,2,3,1,0,17,5,12,1,2,3,1,0,12,3,9,0
2,0,0,3,12,4,8,5,0,0,2,3,8,3,5,3,0,0,2,3,5,2,3,2
1,1,1,0,28,8,20,2,1,1,1,0,20,5,15,1,1,1,1,0,15,4,11,1
4,4,4,3,22,20,2,1,4,4,4,3,2,1,1,0,4,4,4,3,1,0,1,0
2,3,3,0,29,11,18,1,3,3,2,0,18,7,11,1,3,3,2,0,11,4,7,0
4,1,4,0,33,31,2,0,1,4,4,0,2,1,1,0,1,4,4,0,1,0,1,0
1,0,0,4,5,1,4,3,0,0,1,4,4,1,3,2,0,0,1,4,3,0,3,2
0,3,2,1,5,0,5,1,3,2,0,1,5,0,5,1,3,2,0,1,5,0,5,1
1,0,0,3,15,4,11,7,0,0,1,3,11,3,8,5,0,0,1,3,8,2,6,4
4,2,2,4,20,18,2,1,2,2,4,4,2,1,1,0,2,2,4,4,1,0,1,0
1,0,2,3,17,5,12,8,0,2,1,3,12,3,9,6,0,2,1,3,9,2,7,4
1,3,4,2,3,0,3,1,3,4,1,2,3,0,3,1,3,4,1,2,3,0,3,1
3,0,0,1,5,3,2,0,0,0,3,1,2,1,1,0,0,0,3,1,1,0,1,0
1,2,2,3,26,7,19,13,2,2,1,3,19,5,14,9,2,2,1,3,14,4,10,6
2,2,2,3,14,5,9,6,2,2,2,3,9,3,6,4,2,2,2,3,6,2,4,2
1,1,0,3,11,3,8,5,1,0,1,3,8,2,6,4,1,0,1,3,6,1,5,3
1,1,3,2,34,10,24,9,1,3,1,2,24,7,17,6,1,3,1,2,17,5,12,4
0,2,3,0,7,0,7,0,2,3,0,0,7,0,7,0,2,3,0,0,7,0,7,0
4,3,4,3,22,20,2,1,3,4,4,3,2,1,1,0,3,4,4,3,1,0,1,0
0,2,4,2,26,2,24,9,2,4,0,2,24,2,22,8,2,4,0,2,22,2,20,8
0,3,4,2,18,1,17,6,3,4,0,2,17,1,16,6,3,4,0,2,16,1,15,5
3,0,4,4,38,26,12,11,0,4,3,4,12,8,4,3,0,4,3,4,4,2,2,1
4,1,1,0,23,21,2,0,1,1,4,0,2,1,1,0,1,1,4,0,1,0,1,0
1,1,0,1,21,6,15,4,1,0,1,1,15,4,11,3,1,0,1,1,11,3,8,2
0,4,2,2,14,1,13,5,4,2,0,2,13,1,12,4,4,2,0,2,12,1,11,4
0,1,4,0,29,2,27,2,1,4,0,0,27,2,25,2,1,4,0,0,25,2,23,2
4,0,4,1,34,32,2,0,0,4,4,1,2,1,1,0,0,4,4,1,1,0,1,0
2,0,2,2,14,5,9,3,0,2,2,2,9,3,6,2,0,2,2,2,6,2,4,1
1,3,2,4,0,0,0,0,3,2,1,4,0,0,0,0,3,2,1,4,0,0,0,0
0,4,0,0,2,0,2,0,4,0,0,0,2,0,2,0,4,0,0,0,2,0,2,0
4,2,4,0,24,22,2,0,2,4,4,0,2,1,1,0,2,4,4,0,1,0,1,0
1,4,1,1,3,0,3,0,4,1,1,1,3,0,3,0,4,1,1,1,3,0,3,0
4,2,4,4,20,18,2,1,2,4,4,4,2,1,1,0,2,4,4,4,1,0,1,0
3,4,1,1,8,5,3,0,4,1,3,1,3,2,1,0,4,1,3,1,1,0,1,0
3,4,2,2,13,9,4,1,4,2,3,2,4,2,2,0,4,2,3,2,2,1,1,0
0,4,4,2,12,1,11,4,4,4,0,2,11,1,10,3,4,4,0,2,10,0,10,3
4,0,2,0,37,35,2,0,0,2,4,0,2,1,1,0,0,2,4,0,1,0,1,0
3,1,0,4,20,13,7,6,1,0,3,4,7,4,3,2,1,0,3,4,3,2,1,0
4,1,2,2,11,10,1,0,1,2,4,2,1,0,1,0,1,2,4,2,1,0,1,0
3,1,3,1,17,11,6,1,1,3,3,1,6,4,2,0,1,3,3,1,2,1,1,0
4,4,3,0,12,11,1,0,4,3,4,0,1,0,1,0,4,3,4,0,1,0,1,0
2,0,4,4,32,12,20,18,0,4,2,4,20,7,13,12,0,4,2,4,13,5,8,7
0,1,2,2,34,3,31,12,1,2,0,2,31,3,28,11,1,2,0,2,28,2,26,10
0,3,4,3,20,2,18,12,3,4,0,3,18,1,17,11,3,4,0,3,17,1,16,11
1,4,4,0,6,1,5,0,4,4,1,0,5,1,4,0,4,4,1,0,4,1,3,0
4,1,2,0,27,25,2,0,1,2,4,0,2,1,1,0,1,2,4,0,1,0,1,0
0,3,2,4,30,3,27,25,3,2,0,4,27,2,25,23,3,2,0,4,25,2,23,21
4,1,0,1,2,1,1,0,1,0,4,1,1,0,1,0,1,0,4,1,1,0,1,0
3,4,2,2,0,0,0,0,4,2,3,2,0,0,0,0,4,2,3,2,0,0,0,0
3,2,2,3,14,9,5,3,2,2,3,3,5,3,2,1,2,2,3,3,2,1,1,0
1,3,3,0,15,4,11,1,3,3,1,0,11,3,8,0,3,3,1,0,8,2,6,0
0,3,0,0,20,1,19,1,3,0,0,0,19,1,18,1,3,0,0,0,18,1,17,1
4,2,0,4,18,17,1,0,2,0,4,4,1,0,1,0,2,0,4,4,1,0,1,0
1,1,1,2,2,0,2,0,1,1,1,2,2,0,2,0,1,1,1,2,2,0,2,0
1,4,1,0,5,1,4,0,4,1,1,0,4,1,3,0,4,1,1,0,3,0,3,0
1,3,1,1,4,1,3,0,3,1,1,1,3,0,3,0,3,1,1,1,3,0,3,0
0,1,3,4,35,3,32,30,1,3,0,4,32,3,29,27,1,3,0,4,29,2,27,25
4,4,2,3,17,16,1,0,4,2,4,3,1,0,1,0,4,2,4,3,1,0,1,0
1,1,1,1,8,2,6,1,1,1,1,1,6,1,5,1,1,1,1,1,5,1,4,1
2,1,1,4,32,12,20,18,1,1,2,4,20,8,12,11,1,1,2,4,12,4,8,7
1,1,1,2,20,5,15,6,1,1,1,2,15,4,11,4,1,1,1,2,11,3,8,3
2,0,4,0,25,10,15,1,0,4,2,0,15,5,10,0,0,4,2,0,10,3,7,0
2,4,4,3,10,3,7,4,4,4,2,3,7,2,5,3,4,4,2,3,5,2,3,2
1,4,3,1,10,2,8,2,4,3,1,1,8,2,6,1,4,3,1,1,6,1,5,1
1,1,1,1,20,5,15,4,1,1,1,1,15,4,11,3,1,1,1,1,11,3,8,2
3,3,0,3,12,8,4,2,3,0,3,3,4,2,2,1,3,0,3,3,2,1,1,0
0,2,4,3,30,3,27,18,2,4,0,3,27,2,25,17,2,4,0,3,25,2,23,16
0,4,4,0,8,0,8,0,4,4,0,0,8,0,8,0,4,4,0,0,8,0,8,0
3,0,4,3,39,27,12,8,0,4,3,3,12,8,4,2,0,4,3,3,4,2,2,1
0,2,4,4,24,2,22,20,2,4,0,4,22,2,20,18,2,4,0,4,20,2,18,17
3,0,0,3,13,9,4,2,0,0,3,3,4,2,2,1,0,0,3,3,2,1,1,0
3,0,3,0,37,25,12,1,0,3,3,0,12,8,4,0,0,3,3,0,4,2,2,0
4,0,4,4,27,25,2,1,0,4,4,4,2,1,1,0,0,4,4,4,1,0,1,0
4,4,4,4,30,28,2,1,4,4,4,4,2,1,1,0,4,4,4,4,1,0,1,0
2,0,3,0,37,14,23,2,0,3,2,0,23,9,14,1,0,3,2,0,14,5,9,0
0,1,3,1,38,3,35,10,1,3,0,1,35,3,32,9,1,3,0,1,32,3,29,8
4,3,3,4,25,23,2,1,3,3,4,4,2,1,1,0,3,3,4,4,1,0,1,0
1,1,4,0,27,8,19,1,1,4,1,0,19,5,14,1,1,4,1,0,14,4,10,1
4,0,3,4,10,9,1,0,0,3,4,4,1,0,1,0,0,3,4,4,1,0,1,0
1,4,3,2,9,2,7,2,4,3,1,2,7,2,5,2,4,3,1,2,5,1,4,1
4,4,1,1,6,5,1,0,4,1,4,1,1,0,1,0,4,1,4,1,1,0,1,0
0,3,1,4,10,0,10,9,3,1,0,4,10,0,10,9,3,1,0,4,10,0,10,9
4,1,0,2,28,26,2,0,1,0,4,2,2,1,1,0,1,0,4,2,1,0,1,0
2,1,4,0,37,14,23,2,1,4,2,0,23,9,14,1,1,4,2,0,14,5,9,0
0,0,1,2,24,2,22,8,0,1,0,2,22,2,20,8,0,1,0,2,20,2,18,7
2,0,1,3,3,1,2,1,0,1,2,3,2,0,2,1,0,1,2,3,2,0,2,1
1,3,4,0,28,8,20,2,3,4,1,0,20,5,15,1,3,4,1,0,15,4,11,1
4,4,1,4,2,1,1,0,4,1,4,4,1,0,1,0,4,1,4,4,1,0,1,0
0,4,3,4,11,1,10,9,4,3,0,4,10,1,9,8,4,3,0,4,9,0,9,8
4,4,3,0,10,9,1,0,4,3,4,0,1,0,1,0,4,3,4,0,1,0,1,0
3,1,3,1,35,24,11,3,1,3,3,1,11,7,4,1,1,3,3,1,4,2,2,0
2,3,1,2,12,4,8,3,3,1,2,2,8,3,5,2,3,1,2,2,5,2,3,1
3,4,4,0,9,6,3,0,4,4,3,0,3,2,1,0,4,4,3,0,1,0,1,0
2,0,1,2,20,7,13,5,0,1,2,2,13,5,8,3,0,1,2,2,8,3,5,2
2,0,1,3,33,13,20,13,0,1,2,3,20,7,13,9,0,1,2,3,13,5,8,5
1,4,3,4,20,6,14,13,4,3,1,4,14,4,10,9,4,3,1,4,10,3,7,6
4,1,2,4,17,16,1,0,1,2,4,4,1,0,1,0,1,2,4,4,1,0,1,0
0,0,1,2,16,1,15,5,0,1,0,2,15,1,14,5,0,1,0,2,14,1,13,5
3,3,0,1,9,6,3,0,3,0,3,1,3,2,1,0,3,0,3,1,1,0,1,0
4,0,0,2,10,9,1,0,0,0,4,2,1,0,1,0,0,0,4,2,1,0,1,0
2,3,4,3,24,9,15,10,3,4,2,3,15,5,10,7,3,4,2,3,10,3,7,4
0,4,0,0,4,0,4,0,4,0,0,0,4,0,4,0,4,0,0,0,4,0,4,0
0,3,4,1,13,1,12,3,3,4,0,1,12,1,11,3,3,4,0,1,11,1,10,2
1,3,2,1,7,2,5,1,3,2,1,1,5,1,4,1,3,2,1,1,4,1,3,0
1,3,1,4,14,4,10,9,3,1,1,4,10,2,8,7,3,1,1,4,8,2,6,5
4,4,0,2,0,0,0,0,4,0,4,2,0,0,0,0,4,0,4,2,0,0,0,0
1,1,3,0,29,8,21,2,1,3,1,0,21,6,15,1,1,3,1,0,15,4,11,1
1,2,4,3,23,6,17,11,2,4,1,3,17,5,12,8,2,4,1,3,12,3,9,6
2,3,0,2,7,2,5,2,3,0,2,2,5,1,4,1,3,0,2,2,4,1,3,1
0,0,1,2,29,2,27,10,0,1,0,2,27,2,25,9,0,1,0,2,25,2,23,9
4,0,3,3,37,35,2,1,0,3,4,3,2,1,1,0,0,3,4,3,1,0,1,0
0,3,1,0,1,0,1,0,3,1,0,0,1,0,1,0,3,1,0,0,1,0,1,0
4,2,3,0,36,34,2,0,2,3,4,0,2,1,1,0,2,3,4,0,1,0,1,0
4,0,4,0,39,37,2,0,0,4,4,0,2,1,1,0,0,4,4,0,1,0,1,0
3,1,1,3,9,6,3,2,1,1,3,3,3,2,1,0,1,1,3,3,1,0,1,0
2,3,4,2,27,10,17,6,3,4,2,2,17,6,11,4,3,4,2,2,11,4,7,2
2,4,3,2,3,1,2,0,4,3,2,2,2,0,2,0,4,3,2,2,2,0,2,0
1,0,3,4,37,11,26,24,0,3,1,4,26,7,19,18,0,3,1,4,19,5,14,13
1,3,2,2,11,3,8,3,3,2,1,2,8,2,6,2,3,2,1,2,6,1,5,2
1,0,1,2,7,2,5,2,0,1,1,2,5,1,4,1,0,1,1,2,4,1,3,1
2,2,4,4,26,10,16,15,2,4,2,4,16,6,10,9,2,4,2,4,10,4,6,5
2,0,4,2,38,15,23,9,0,4,2,2,23,9,14,5,0,4,2,2,14,5,9,3
4,1,4,1,25,23,2,0,1,4,4,1,2,1,1,0,1,4,4,1,1,0,1,0
1,4,3,4,7,2,5,4,4,3,1,4,5,1,4,3,4,3,1,4,4,1,3,2
0,2,3,3,30,3,27,18,2,3,0,3,27,2,25,17,2,3,0,3,25,2,23,16
2,2,0,4,17,6,11,10,2,0,2,4,11,4,7,6,2,0,2,4,7,2,5,4
2,0,4,2,39,15,24,9,0,4,2,2,24,9,15,6,0,4,2,2,15,6,9,3
0,4,4,2,17,1,16,6,4,4,0,2,16,1,15,5,4,4,0,2,15,1,14,5
2,3,4,2,15,6,9,3,3,4,2,2,9,3,6,2,3,4,2,2,6,2,4,1
1,3,3,2,18,5,13,5,3,3,1,2,13,3,10,3,3,3,1,2,10,2,8,3
4,2,3,3,8,7,1,0,2,3,4,3,1,0,1,0,2,3,4,3,1,0,1,0
4,0,4,0,33,31,2,0,0,4,4,0,2,1,1,0,0,4,4,0,1,0,1,0
3,1,2,0,30,20,10,1,1,2,3,0,10,6,4,0,1,2,3,0,4,2,2,0
0,1,4,4,33,3,30,28,1,4,0,4,30,3,27,25,1,4,0,4,27,2,25,23
3,2,3,4,29,20,9,8,2,3,3,4,9,6,3,2,2,3,3,4,3,2,1,0
1,1,1,2,35,10,25,9,1,1,1,2,25,7,18,7,1,1,1,2,18,5,13,5
2,0,2,4,13,5,8,7,0,2,2,4,8,3,5,4,0,2,2,4,5,1,4,3
0,4,0,4,1,0,1,0,4,0,0,4,1,0,1,0,4,0,0,4,1,0,1,0
3,1,4,0,36,25,11,1,1,4,3,0,11,7,4,0,1,4,3,0,4,2,2,0
1,1,2,3,29,8,21,14,1,2,1,3,21,6,15,10,1,2,1,3,15,4,11,7
2,4,4,2,2,0,2,0,4,4,2,2,2,0,2,0,4,4,2,2,2,0,2,0
4,3,1,4,5,4,1,0,3,1,4,4,1,0,1,0,3,1,4,4,1,0,1,0
1,0,0,3,6,1,5,3,0,0,1,3,5,1,4,2,0,0,1,3,4,1,3,2
4,4,4,4,0,0,0,0,4,4,4,4,0,0,0,0,4,4,4,4,0,0,0,0
2,0,3,4,26,10,16,15,0,3,2,4,16,6,10,9,0,3,2,4,10,4,6,5
0,2,2,3,34,3,31,21,2,2,0,3,31,3,28,19,2,2,0,3,28,2,26,18
4,1,0,3,3,2,1,0,1,0,4,3,1,0,1,0,1,0,4,3,1,0,1,0
1,1,3,0,32,9,23,2,1,3,1,0,23,6,17,1,1,3,1,0,17,5,12,1
3,2,0,0,32,22,10,1,2,0,3,0,10,6,4,0,2,0,3,0,4,2,2,0
2,0,1,1,26,10,16,4,0,1,2,1,16,6,10,2,0,1,2,1,10,4,6,1
0,0,2,3,33,3,30,21,0,2,0,3,30,3,27,18,0,2,0,3,27,2,25,17
2,4,2,0,12,4,8,0,4,2,2,0,8,3,5,0,4,2,2,0,5,2,3,0
0,1,0,0,12,1,11,1,1,0,0,0,11,1,10,1,1,0,0,0,10,0,10,1
4,2,1,2,21,19,2,0,2,1,4,2,2,1,1,0,2,1,4,2,1,0,1,0
3,0,0,3,19,13,6,4,0,0,3,3,6,4,2,1,0,0,3,3,2,1,1,0
1,1,1,3,0,0,0,0,1,1,1,3,0,0,0,0,1,1,1,3,0,0,0,0
1,3,3,1,11,3,8,2,3,3,1,1,8,2,6,1,3,3,1,1,6,1,5,1
2,3,0,2,19,7,12,4,3,0,2,2,12,4,8,3,3,0,2,2,8,3,5,2
1,1,0,4,3,0,3,2,1,0,1,4,3,0,3,2,1,0,1,4,3,0,3,2
0,4,3,0,1,0,1,0,4,3,0,0,1,0,1,0,4,3,0,0,1,0,1,0
2,1,0,0,5,1,4,0,1,0,2,0,4,1,3,0,1,0,2,0,3,1,2,0
4,3,1,2,13,12,1,0,3,1,4,2,1,0,1,0,3,1,4,2,1,0,1,0
0,1,0,2,17,1,16,6,1,0,0,2,16,1,15,5,1,0,0,2,15,1,14,5
4,1,4,1,35,33,2,0,1,4,4,1,2,1,1,0,1,4,4,1,1,0,1,0
2,0,1,0,4,1,3,0,0,1,2,0,3,1,2,0,0,1,2,0,2,0,2,0
3,2,2,3,5,3,2,1,2,2,3,3,2,1,1,0,2,2,3,3,1,0,1,0
4,4,1,4,4,3,1,0,4,1,4,4,1,0,1,0,4,1,4,4,1,0,1,0
4,0,0,2,11,10,1,0,0,0,4,2,1,0,1,0,0,0,4,2,1,0,1,0
2,0,2,0,29,11,18,1,0,2,2,0,18,7,11,1,0,2,2,0,11,4,7,0
3,2,4,0,33,23,10,0,2,4,3,0,10,6,4,0,2,4,3,0,4,2,2,0
3,1,0,3,18,12,6,4,1,0,3,3,6,4,2,1,1,0,3,3,2,1,1,0
3,4,2,2,22,15,7,2,4,2,3,2,7,4,3,1,4,2,3,2,3,2,1,0
3,1,3,1,35,24,11,3,1,3,3,1,11,7,4,1,1,3,3,1,4,2,2,0
0,0,0,3,20,2,18,12,0,0,0,3,18,1,17,11,0,0,0,3,17,1,16,11
3,4,1,4,6,4,2,1,4,1,3,4,2,1,1,0,4,1,3,4,1,0,1,0
4,2,4,4,39,37,2,1,2,4,4,4,2,1,1,0,2,4,4,4,1,0,1,0
0,1,3,0,30,2,28,2,1,3,0,0,28,2,26,2,1,3,0,0,26,2,24,2
2,4,4,2,17,6,11,4,4,4,2,2,11,4,7,2,4,4,2,2,7,2,5,1
2,3,3,3,23,9,14,9,3,3,2,3,14,5,9,6,3,3,2,3,9,3,6,4
0,2,3,3,27,2,25,17,2,3,0,3,25,2,23,16,2,3,0,3,23,2,21,14
0,3,0,3,1,0,1,0,3,0,0,3,1,0,1,0,3,0,0,3,1,0,1,0
3,0,4,1,33,23,10,2,0,4,3,1,10,7,3,0,0,4,3,1,3,2,1,0
1,4,2,2,4,1,3,1,4,2,1,2,3,0,3,1,4,2,1,2,3,0,3,1
3,4,2,1,27,18,9,2,4,2,3,1,9,6,3,0,4,2,3,1,3,2,1,0
2,1,4,1,39,15,24,7,1,4,2,1,24,9,15,4,1,4,2,1,15,6,9,2
4,0,3,2,34,32,2,0,0,3,4,2,2,1,1,0,0,3,4,2,1,0,1,0
2,1,4,4,38,15,23,21,1,4,2,4,23,9,14,13,1,4,2,4,14,5,9,8
4,3,2,2,13,12,1,0,3,2,4,2,1,0,1,0,3,2,4,2,1,0,1,0
4,0,4,2,38,36,2,0,0,4,4,2,2,1,1,0,0,4,4,2,1,0,1,0
1,4,2,1,10,3,7,2,4,2,1,1,7,2,5,1,4,2,1,1,5,1,4,1
3,2,3,3,27,18,9,6,2,3,3,3,9,6,3,2,2,3,3,3,3,2,1,0
1,2,0,0,16,4,12,1,2,0,1,0,12,3,9,0,2,0,1,0,9,2,7,0
3,2,0,1,3,2,1,0,2,0,3,1,1,0,1,0,2,0,3,1,1,0,1,0
0,2,3,1,23,2,21,6,2,3,0,1,21,2,19,5,2,3,0,1,19,1,18,5
1,2,3,3,35,10,25,17,2,3,1,3,25,7,18,12,2,3,1,3,18,5,13,9
3,1,4,2,33,23,10,4,1,4,3,2,10,6,4,1,1,4,3,2,4,2,2,0
3,4,4,1,7,4,3,0,4,4,3,1,3,2,1,0,4,4,3,1,1,0,1,0
0,2,0,0,4,0,4,0,2,0,0,0,4,0,4,0,2,0,0,0,4,0,4,0
2,0,3,4,28,11,17,16,0,3,2,4,17,6,11,10,0,3,2,4,11,4,7,6
0,2,2,2,25,2,23,9,2,2,0,2,23,2,21,8,2,2,0,2,21,2,19,7
1,4,2,4,7,2,5,4,4,2,1,4,5,1,4,3,4,2,1,4,4,1,3,2
1,1,2,1,24,7,17,5,1,2,1,1,17,5,12,3,1,2,1,1,12,3,9,2
1,3,2,0,11,3,8,0,3,2,1,0,8,2,6,0,3,2,1,0,6,1,5,0
2,1,0,1,24,9,15,4,1,0,2,1,15,5,10,2,1,0,2,1,10,3,7,2
1,0,2,4,28,8,20,18,0,2,1,4,20,5,15,14,0,2,1,4,15,4,11,10
1,3,3,1,16,4,12,3,3,3,1,1,12,3,9,2,3,3,1,1,9,2,7,2
4,1,3,1,39,36,3,0,1,3,4,1,3,2,1,0,1,3,4,1,1,0,1,0
3,2,2,4,27,18,9,8,2,2,3,4,9,6,3,2,2,2,3,4,3,2,1,0
3,1,2,2,19,13,6,2,1,2,3,2,6,4,2,0,1,2,3,2,2,1,1,0
2,0,3,0,19,7,12,1,0,3,2,0,12,4,8,0,0,3,2,0,8,3,5,0
4,2,2,2,22,20,2,0,2,2,4,2,2,1,1,0,2,2,4,2,1,0,1,0
4,3,3,4,29,27,2,1,3,3,4,4,2,1,1,0,3,3,4,4,1,0,1,0
3,2,1,3,20,14,6,4,2,1,3,3,6,4,2,1,2,1,3,3,2,1,1,0
3,2,4,4,30,20,10,9,2,4,3,4,10,7,3,2,2,4,3,4,3,2,1,0
0,3,3,4,24,2,22,20,3,3,0,4,22,2,20,18,3,3,0,4,20,2,18,17
1,3,2,1,5,1,4,1,3,2,1,1,4,1,3,0,3,2,1,1,3,0,3,0
0,2,2,4,19,1,18,17,2,2,0,4,18,1,17,16,2,2,0,4,17,1,16,15
1,3,4,4,20,6,14,13,3,4,1,4,14,4,10,9,3,4,1,4,10,2,8,7
1,3,4,2,12,3,9,3,3,4,1,2,9,2,7,2,3,4,1,2,7,2,5,2
2,1,0,4,20,8,12,11,1,0,2,4,12,4,8,7,1,0,2,4,8,3,5,4
3,3,0,3,1,0,1,0,3,0,3,3,1,0,1,0,3,0,3,3,1,0,1,0
4,2,4,4,29,27,2,1,2,4,4,4,2,1,1,0,2,4,4,4,1,0,1,0
0,3,2,2,18,1,17,6,3,2,0,2,17,1,16,6,3,2,0,2,16,1,15,5
4,3,1,3,13,12,1,0,3,1,4,3,1,0,1,0,3,1,4,3,1,0,1,0
2,0,2,4,37,14,23,21,0,2,2,4,23,9,14,13,0,2,2,4,14,5,9,8
1,1,0,4,22,6,16,15,1,0,1,4,16,4,12,11,1,0,1,4,12,3,9,8
3,4,4,3,20,13,7,4,4,4,3,3,7,4,3,2,4,4,3,3,3,2,1,0
4,2,4,4,28,26,2,1,2,4,4,4,2,1,1,0,2,4,4,4,1,0,1,0
0,2,4,2,35,3,32,12,2,4,0,2,32,3,29,11,2,4,0,2,29,2,27,10
2,1,1,4,13,5,8,7,1,1,2,4,8,3,5,4,1,1,2,4,5,1,4,3
2,4,0,4,8,3,5,4,4,0,2,4,5,1,4,3,4,0,2,4,4,1,3,2
3,4,0,2,1,0,1,0,4,0,3,2,1,0,1,0,4,0,3,2,1,0,1,0
1,0,4,3,21,6,15,10,0,4,1,3,15,4,11,7,0,4,1,3,11,3,8,5
1,3,1,3,1,0,1,0,3,1,1,3,1,0,1,0,3,1,1,3,1,0,1,0
0,0,4,0,39,3,36,3,0,4,0,0,36,3,33,3,0,4,0,0,33,3,30,3
0,2,3,1,10,0,10,2,2,3,0,1,10,0,10,3,2,3,0,1,10,1,9,2
2,0,4,2,38,15,23,9,0,4,2,2,23,9,14,5,0,4,2,2,14,5,9,3
0,2,0,2,15,1,14,5,2,0,0,2,14,1,13,5,2,0,0,2,13,1,12,4
1,4,4,1,17,5,12,3,4,4,1,1,12,3,9,2,4,4,1,1,9,2,7,2
1,1,4,0,24,7,17,1,1,4,1,0,17,5,12,1,1,4,1,0,12,3,9,0
3,1,4,3,30,20,10,7,1,4,3,3,10,6,4,2,1,4,3,3,4,2,2,1
4,2,2,3,10,9,1,0,2,2,4,3,1,0,1,0,2,2,4,3,1,0,1,0
0,2,4,4,30,3,27,25,2,4,0,4,27,2,25,23,2,4,0,4,25,2,23,21
2,3,1,3,26,10,16,11,3,1,2,3,16,6,10,7,3,1,2,3,10,4,6,4
3,0,1,4,6,4,2,1,0,1,3,4,2,1,1,0,0,1,3,4,1,0,1,0
1,2,3,3,24,7,17,11,2,3,1,3,17,5,12,8,2,3,1,3,12,3,9,6
3,0,3,4,23,16,7,6,0,3,3,4,7,4,3,2,0,3,3,4,3,2,1,0
0,3,0,3,1,0,1,0,3,0,0,3,1,0,1,0,3,0,0,3,1,0,1,0
4,0,2,1,15,14,1,0,0,2,4,1,1,0,1,0,0,2,4,1,1,0,1,0
3,1,4,0,33,23,10,0,1,4,3,0,10,6,4,0,1,4,3,0,4,2,2,0
4,4,2,3,17,16,1,0,4,2,4,3,1,0,1,0,4,2,4,3,1,0,1,0
1,0,4,4,39,11,28,26,0,4,1,4,28,8,20,19,0,4,1,4,20,5,15,14
3,1,4,2,17,11,6,2,1,4,3,2,6,4,2,0,1,4,3,2,2,1,1,0
0,3,1,1,2,0,2,0,3,1,0,1,2,0,2,0,3,1,0,1,2,0,2,0
4,4,1,0,5,4,1,0,4,1,4,0,1,0,1,0,4,1,4,0,1,0,1,0
2,3,0,3,4,1,3,2,3,0,2,3,3,1,2,1,3,0,2,3,2,0,2,1
2,4,4,0,13,5,8,0,4,4,2,0,8,3,5,0,4,4,2,0,5,2,3,0
2,3,2,1,14,5,9,2,3,2,2,1,9,3,6,1,3,2,2,1,6,2,4,1
2,4,3,4,7,2,5,4,4,3,2,4,5,1,4,3,4,3,2,4,4,1,3,2
1,0,4,4,27,8,19,18,0,4,1,4,19,5,14,13,0,4,1,4,14,4,10,9
0,3,0,1,8,0,8,2,3,0,0,1,8,0,8,2,3,0,0,1,8,0,8,2
1,1,0,1,6,1,5,1,1,0,1,1,5,1,4,1,1,0,1,1,4,1,3,0
0,3,2,1,19,1,18,5,3,2,0,1,18,1,17,5,3,2,0,1,17,1,16,4
3,4,2,1,20,13,7,2,4,2,3,1,7,4,3,0,4,2,3,1,3,2,1,0
2,1,3,3,5,2,3,2,1,3,2,3,3,1,2,1,1,3,2,3,2,0,2,1
4,3,4,1,16,15,1,0,3,4,4,1,1,0,1,0,3,4,4,1,1,0,1,0
1,0,4,4,27,8,19,18,0,4,1,4,19,5,14,13,0,4,1,4,14,4,10,9
3,3,1,2,11,7,4,1,3,1,3,2,4,2,2,0,3,1,3,2,2,1,1,0
1,1,3,4,37,11,26,24,1,3,1,4,26,7,19,18,1,3,1,4,19,5,14,13
1,2,4,2,31,9,22,8,2,4,1,2,22,6,16,6,2,4,1,2,16,4,12,4
2,0,3,0,32,12,20,1,0,3,2,0,20,7,13,1,0,3,2,0,13,5,8,0
1,2,4,2,24,7,17,6,2,4,1,2,17,5,12,4,2,4,1,2,12,3,9,3
3,1,4,3,34,23,11,7,1,4,3,3,11,7,4,2,1,4,3,3,4,2,2,1
1,2,4,1,22,6,16,4,2,4,1,1,16,4,12,3,2,4,1,1,12,3,9,2
4,3,2,0,24,22,2,0,3,2,4,0,2,1,1,0,3,2,4,0,1,0,1,0
2,2,1,2,7,2,5,1,2,1,2,2,5,1,4,1,2,1,2,2,4,1,3,1
2,2,3,3,29,11,18,12,2,3,2,3,18,7,11,7,2,3,2,3,11,4,7,4
2,4,1,4,5,1,4,3,4,1,2,4,4,1,3,2,4,1,2,4,3,1,2,1
4,0,4,4,38,36,2,1,0,4,4,4,2,1,1,0,0,4,4,4,1,0,1,0
4,3,2,4,9,8,1,0,3,2,4,4,1,0,1,0,3,2,4,4,1,0,1,0
3,3,2,2,1,0,1,0,3,2,3,2,1,0,1,0,3,2,3,2,1,0,1,0
0,1,3,0,27,2,25,2,1,3,0,0,25,2,23,2,1,3,0,0,23,2,21,2
0,4,4,0,9,0,9,0,4,4,0,0,9,0,9,0,4,4,0,0,9,0,9,0
3,2,0,1,8,5,3,0,2,0,3,1,3,2,1,0,2,0,3,1,1,0,1,0
0,2,3,1,25,2,23,6,2,3,0,1,23,2,21,6,2,3,0,1,21,2,19,5
3,4,0,1,1,0,1,0,4,0,3,1,1,0,1,0,4,0,3,1,1,0,1,0
3,1,2,4,13,9,4,3,1,2,3,4,4,2,2,1,1,2,3,4,2,1,1,0
3,4,4,2,4,2,2,0,4,4,3,2,2,1,1,0,4,4,3,2,1,0,1,0
3,2,2,0,25,17,8,0,2,2,3,0,8,5,3,0,2,2,3,0,3,2,1,0
3,2,0,2,4,2,2,0,2,0,3,2,2,1,1,0,2,0,3,2,1,0,1,0
1,2,1,1,4,1,3,0,2,1,1,1,3,0,3,0,2,1,1,1,3,0,3,0
2,2,4,0,24,9,15,1,2,4,2,0,15,5,10,1,2,4,2,0,10,4,6,0
2,3,2,1,22,8,14,4,3,2,2,1,14,5,9,2,3,2,2,1,9,3,6,1
1,2,4,1,33,9,24,7,2,4,1,1,24,7,17,5,2,4,1,1,17,5,12,3
4,4,3,2,22,20,2,0,4,3,4,2,2,1,1,0,4,3,4,2,1,0,1,0
1,0,1,1,22,6,16,4,0,1,1,1,16,4,12,3,0,1,1,1,12,3,9,2
4,3,0,4,15,14,1,0,3,0,4,4,1,0,1,0,3,0,4,4,1,0,1,0
3,0,1,4,16,11,5,4,0,1,3,4,5,3,2,1,0,1,3,4,2,1,1,0
3,3,4,1,12,8,4,1,3,4,3,1,4,2,2,0,3,4,3,1,2,1,1,0
0,2,3,2,23,2,21,8,2,3,0,2,21,2,19,7,2,3,0,2,19,1,18,7
4,3,0,3,10,9,1,0,3,0,4,3,1,0,1,0,3,0,4,3,1,0,1,0
3,2,3,1,21,14,7,2,2,3,3,1,7,4,3,0,2,3,3,1,3,2,1,0
4,3,4,1,17,16,1,0,3,4,4,1,1,0,1,0,3,4,4,1,1,0,1,0
2,1,3,1,27,10,17,5,1,3,2,1,17,6,11,3,1,3,2,1,11,4,7,2
1,0,3,4,37,11,26,24,0,3,1,4,26,7,19,18,0,3,1,4,19,5,14,13
0,4,1,0,14,1,13,1,4,1,0,0,13,1,12,1,4,1,0,0,12,1,11,1
2,3,2,0,10,4,6,0,3,2,2,0,6,2,4,0,3,2,2,0,4,1,3,0
3,4,4,2,5,3,2,0,4,4,3,2,2,1,1,0,4,4,3,2,1,0,1,0
1,3,4,4,13,3,10,9,3,4,1,4,10,3,7,6,3,4,1,4,7,2,5,4
4,3,0,0,2,1,1,0,3,0,4,0,1,0,1,0,3,0,4,0,1,0,1,0
4,0,0,0,17,16,1,0,0,0,4,0,1,0,1,0,0,0,4,0,1,0,1,0
4,0,1,3,10,9,1,0,0,1,4,3,1,0,1,0,0,1,4,3,1,0,1,0
0,1,2,1,19,1,18,5,1,2,0,1,18,1,17,5,1,2,0,1,17,1,16,4
0,1,3,3,29,2,27,18,1,3,0,3,27,2,25,17,1,3,0,3,25,2,23,16
3,2,3,3,19,13,6,4,2,3,3,3,6,4,2,1,2,3,3,3,2,1,1,0
3,1,4,1,31,21,10,3,1,4,3,1,10,7,3,0,1,4,3,1,3,2,1,0
0,2,2,4,14,1,13,12,2,2,0,4,13,1,12,11,2,2,0,4,12,1,11,10
4,2,1,1,0,0,0,0,2,1,4,1,0,0,0,0,2,1,4,1,0,0,0,0
4,2,1,1,16,15,1,0,2,1,4,1,1,0,1,0,2,1,4,1,1,0,1,0
1,2,2,1,24,7,17,5,2,2,1,1,17,5,12,3,2,2,1,1,12,3,9,2
1,1,1,0,10,2,8,0,1,1,1,0,8,2,6,0,1,1,1,0,6,1,5,0
3,0,3,1,34,23,11,3,0,3,3,1,11,7,4,1,0,3,3,1,4,2,2,0
3,3,0,1,1,0,1,0,3,0,3,1,1,0,1,0,3,0,3,1,1,0,1,0
1,1,0,1,19,5,14,4,1,0,1,1,14,4,10,2,1,0,1,1,10,3,7,2
1,1,1,3,27,8,19,13,1,1,1,3,19,5,14,9,1,1,1,3,14,4,10,6
1,4,3,0,10,3,7,0,4,3,1,0,7,2,5,0,4,3,1,0,5,1,4,0
3,3,3,3,35,24,11,7,3,3,3,3,11,7,4,2,3,3,3,3,4,2,2,1
0,4,4,3,24,2,22,15,4,4,0,3,22,2,20,13,4,4,0,3,20,2,18,12
0,2,2,2,26,2,24,9,2,2,0,2,24,2,22,8,2,2,0,2,22,2,20,7
0,3,1,0,10,1,9,0,3,1,0,0,9,0,9,0,3,1,0,0,9,0,9,0
0,2,2,2,20,1,19,7,2,2,0,2,19,1,18,7,2,2,0,2,18,1,17,6
1,2,2,2,7,2,5,1,2,2,1,2,5,1,4,1,2,2,1,2,4,1,3,1
0,0,4,4,28,2,26,24,0,4,0,4,26,2,24,22,0,4,0,4,24,2,22,20
4,4,2,4,4,3,1,0,4,2,4,4,1,0,1,0,4,2,4,4,1,0,1,0
3,2,2,1,39,27,12,3,2,2,3,1,12,8,4,1,2,2,3,1,4,2,2,0
2,0,3,2,39,15,24,9,0,3,2,2,24,9,15,6,0,3,2,2,15,5,10,3
0,2,2,3,29,2,27,18,2,2,0,3,27,2,25,17,2,2,0,3,25,2,23,16
2,2,4,1,22,8,14,4,2,4,2,1,14,5,9,2,2,4,2,1,9,3,6,1
0,0,2,2,37,3,34,13,0,2,0,2,34,3,31,12,0,2,0,2,31,3,28,11
3,0,0,2,15,10,5,1,0,0,3,2,5,3,2,0,0,0,3,2,2,1,1,0
0,2,3,2,28,2,26,10,2,3,0,2,26,2,24,9,2,3,0,2,24,2,22,8
0,2,3,0,25,2,23,2,2,3,0,0,23,2,21,2,2,3,0,0,21,2,19,1
4,3,0,1,30,28,2,0,3,0,4,1,2,1,1,0,3,0,4,1,1,0,1,0
1,2,1,1,20,6,14,4,2,1,1,1,14,4,10,2,2,1,1,1,10,2,8,2
2,1,0,3,23,9,14,9,1,0,2,3,14,5,9,6,1,0,2,3,9,3,6,4
3,1,2,1,30,20,10,2,1,2,3,1,10,7,3,0,1,2,3,1,3,2,1,0
4,3,0,3,16,15,1,0,3,0,4,3,1,0,1,0,3,0,4,3,1,0,1,0
2,4,2,2,8,3,5,2,4,2,2,2,5,2,3,1,4,2,2,2,3,1,2,0
2,3,4,2,14,5,9,3,3,4,2,2,9,3,6,2,3,4,2,2,6,2,4,1
3,2,3,3,33,23,10,7,2,3,3,3,10,6,4,2,2,3,3,3,4,2,2,1
3,2,3,3,13,9,4,2,2,3,3,3,4,2,2,1,2,3,3,3,2,1,1,0
3,4,4,3,7,4,3,2,4,4,3,3,3,2,1,0,4,4,3,3,1,0,1,0
4,2,4,3,37,35,2,1,2,4,4,3,2,1,1,0,2,4,4,3,1,0,1,0
2,3,1,1,23,9,14,4,3,1,2,1,14,5,9,2,3,1,2,1,9,3,6,1
0,4,4,2,7,0,7,2,4,4,0,2,7,0,7,2,4,4,0,2,7,0,7,2
2,2,4,2,24,9,15,5,2,4,2,2,15,6,9,3,2,4,2,2,9,3,6,2
0,1,3,2,28,2,26,10,1,3,0,2,26,2,24,9,1,3,0,2,24,2,22,8
2,3,3,4,13,5,8,7,3,3,2,4,8,3,5,4,3,3,2,4,5,2,3,2
1,1,4,2,25,7,18,7,1,4,1,2,18,5,13,5,1,4,1,2,13,3,10,4
1,4,0,2,10,3,7,2,4,0,1,2,7,2,5,2,4,0,1,2,5,1,4,1
1,4,0,4,14,4,10,9,4,0,1,4,10,2,8,7,4,0,1,4,8,2,6,5
3,2,0,0,6,4,2,0,2,0,3,0,2,1,1,0,2,0,3,0,1,0,1,0
1,0,1,1,20,6,14,4,0,1,1,1,14,4,10,2,0,1,1,1,10,2,8,2
4,0,0,0,5,4,1,0,0,0,4,0,1,0,1,0,0,0,4,0,1,0,1,0
3,1,4,3,33,23,10,7,1,4,3,3,10,7,3,2,1,4,3,3,3,2,1,0
3,0,0,1,7,4,3,0,0,0,3,1,3,2,1,0,0,0,3,1,1,0,1,0
1,4,1,0,9,2,7,0,4,1,1,0,7,2,5,0,4,1,1,0,5,1,4,0
1,0,4,4,30,9,21,19,0,4,1,4,21,6,15,14,0,4,1,4,15,4,11,10
4,4,1,1,9,8,1,0,4,1,4,1,1,0,1,0,4,1,4,1,1,0,1,0
3,4,4,4,17,11,6,5,4,4,3,4,6,4,2,1,4,4,3,4,2,1,1,0
1,4,0,2,20,5,15,6,4,0,1,2,15,4,11,4,4,0,1,2,11,3,8,3
1,4,4,2,15,4,11,4,4,4,1,2,11,3,8,3,4,4,1,2,8,2,6,2
0,2,0,0,7,0,7,0,2,0,0,0,7,0,7,0,2,0,0,0,7,0,7,0
3,4,3,3,19,13,6,4,4,3,3,3,6,4,2,1,4,3,3,3,2,1,1,0
3,4,0,0,15,10,5,0,4,0,3,0,5,3,2,0,4,0,3,0,2,1,1,0
3,3,3,4,8,5,3,2,3,3,3,4,3,2,1,0,3,3,3,4,1,0,1,0
3,1,0,4,10,6,4,3,1,0,3,4,4,2,2,1,1,0,3,4,2,1,1,0
4,4,2,1,3,2,1,0,4,2,4,1,1,0,1,0,4,2,4,1,1,0,1,0
2,3,0,0,9,3,6,0,3,0,2,0,6,2,4,0,3,0,2,0,4,1,3,0
1,3,2,1,23,6,17,5,3,2,1,1,17,5,12,3,3,2,1,1,12,3,9,2
2,1,3,3,35,14,21,14,1,3,2,3,21,8,13,9,1,3,2,3,13,5,8,5
0,3,1,3,12,1,11,7,3,1,0,3,11,1,10,6,3,1,0,3,10,0,10,6
0,4,0,4,4,0,4,3,4,0,0,4,4,0,4,3,4,0,0,4,4,0,4,3
3,0,2,1,33,23,10,2,0,2,3,1,10,6,4,1,0,2,3,1,4,2,2,0
2,2,3,2,21,8,13,5,2,3,2,2,13,5,8,3,2,3,2,2,8,3,5,1
4,3,3,3,20,18,2,1,3,3,4,3,2,1,1,0,3,3,4,3,1,0,1,0
0,0,1,2,24,2,22,8,0,1,0,2,22,2,20,8,0,1,0,2,20,2,18,7
4,1,2,2,21,19,2,0,1,2,4,2,2,1,1,0,1,2,4,2,1,0,1,0
1,2,0,4,9,2,7,6,2,0,1,4,7,2,5,4,2,0,1,4,5,1,4,3
0,3,3,3,10,0,10,7,3,3,0,3,10,1,9,6,3,3,0,3,9,0,9,6
0,1,3,1,24,2,22,6,1,3,0,1,22,2,20,5,1,3,0,1,20,2,18,5
2,4,2,2,1,0,1,0,4,2,2,2,1,0,1,0,4,2,2,2,1,0,1,0
1,4,3,4,7,2,5,4,4,3,1,4,5,1,4,3,4,3,1,4,4,1,3,2
0,0,2,4,28,2,26,24,0,2,0,4,26,2,24,22,0,2,0,4,24,2,22,20
4,4,1,1,10,9,1,0,4,1,4,1,1,0,1,0,4,1,4,1,1,0,1,0
4,0,3,4,34,32,2,1,0,3,4,4,2,1,1,0,0,3,4,4,1,0,1,0
1,1,4,1,29,8,21,6,1,4,1,1,21,6,15,4,1,4,1,1,15,4,11,3
4,3,3,3,14,13,1,0,3,3,4,3,1,0,1,0,3,3,4,3,1,0,1,0
1,0,4,2,32,9,23,9,0,4,1,2,23,6,17,6,0,4,1,2,17,5,12,4
1,0,3,2,26,7,19,7,0,3,1,2,19,5,14,5,0,3,1,2,14,4,10,3
4,4,3,0,4,3,1,0,4,3,4,0,1,0,1,0,4,3,4,0,1,0,1,0
4,0,3,2,29,27,2,0,0,3,4,2,2,1,1,0,0,3,4,2,1,0,1,0
2,0,4,4,37,14,23,21,0,4,2,4,23,9,14,13,0,4,2,4,14,5,9,8
1,1,3,1,36,10,26,7,1,3,1,1,26,7,19,5,1,3,1,1,19,5,14,4
0,4,3,1,7,0,7,2,4,3,0,1,7,0,7,2,4,3,0,1,7,0,7,2
4,1,0,3,19,18,1,0,1,0,4,3,1,0,1,0,1,0,4,3,1,0,1,0
2,1,1,2,12,4,8,3,1,1,2,2,8,3,5,1,1,1,2,2,5,1,4,1
3,4,4,2,23,16,7,2,4,4,3,2,7,4,3,1,4,4,3,2,3,2,1,0
3,1,3,0,39,27,12,1,1,3,3,0,12,8,4,0,1,3,3,0,4,2,2,0
0,4,4,1,31,3,28,8,4,4,0,1,28,2,26,7,4,4,0,1,26,2,24,7
0,0,4,4,38,3,35,33,0,4,0,4,35,3,32,30,0,4,0,4,32,3,29,27
3,0,1,2,17,11,6,2,0,1,3,2,6,4,2,0,0,1,3,2,2,1,1,0
4,1,1,3,4,3,1,0,1,1,4,3,1,0,1,0,1,1,4,3,1,0,1,0
0,1,1,3,15,1,14,9,1,1,0,3,14,1,13,9,1,1,0,3,13,1,12,8
3,1,3,3,31,21,10,6,1,3,3,3,10,6,4,2,1,3,3,3,4,2,2,1
2,4,0,1,2,0,2,0,4,0,2,1,2,0,2,0,4,0,2,1,2,0,2,0
2,0,4,3,24,9,15,10,0,4,2,3,15,5,10,6,0,4,2,3,10,4,6,4
0,3,3,2,29,2,27,10,3,3,0,2,27,2,25,10,3,3,0,2,25,2,23,9
0,1,3,3,23,2,21,14,1,3,0,3,21,2,19,13,1,3,0,3,19,1,18,12
0,2,0,3,16,1,15,10,2,0,0,3,15,1,14,9,2,0,0,3,14,1,13,9
3,4,0,1,1,0,1,0,4,0,3,1,1,0,1,0,4,0,3,1,1,0,1,0
1,3,3,3,21,6,15,10,3,3,1,3,15,4,11,7,3,3,1,3,11,3,8,5
2,4,4,0,17,6,11,1,4,4,2,0,11,4,7,0,4,4,2,0,7,2,5,0
2,2,2,3,9,3,6,4,2,2,2,3,6,2,4,2,2,2,2,3,4,1,3,2
4,0,2,2,33,31,2,0,0,2,4,2,2,1,1,0,0,2,4,2,1,0,1,0
0,0,1,4,5,0,5,4,0,1,0,4,5,0,5,4,0,1,0,4,5,0,5,4
0,2,4,1,39,3,36,10,2,4,0,1,36,3,33,9,2,4,0,1,33,3,30,8
4,2,0,1,8,7,1,0,2,0,4,1,1,0,1,0,2,0,4,1,1,0,1,0
1,0,4,2,33,9,24,9,0,4,1,2,24,7,17,6,0,4,1,2,17,5,12,4
3,1,4,1,17,11,6,1,1,4,3,1,6,4,2,0,1,4,3,1,2,1,1,0
1,2,3,3,29,8,21,14,2,3,1,3,21,6,15,10,2,3,1,3,15,4,11,7
1,0,2,4,29,8,21,19,0,2,1,4,21,6,15,14,0,2,1,4,15,4,11,10
3,4,1,3,2,1,1,0,4,1,3,3,1,0,1,0,4,1,3,3,1,0,1,0
0,2,3,4,23,2,21,19,2,3,0,4,21,2,19,18,2,3,0,4,19,1,18,17
1,1,3,3,18,5,13,9,1,3,1,3,13,3,10,7,1,3,1,3,10,3,7,4
1,4,3,3,23,6,17,11,4,3,1,3,17,5,12,8,4,3,1,3,12,3,9,6
3,0,4,3,30,20,10,6,0,4,3,3,10,6,4,2,0,4,3,3,4,2,2,1
4,2,0,4,1,0,1,0,2,0,4,4,1,0,1,0,2,0,4,4,1,0,1,0
2,2,0,0,14,5,9,0,2,0,2,0,9,3,6,0,2,0,2,0,6,2,4,0
0,0,0,2,18,1,17,6,0,0,0,2,17,1,16,6,0,0,0,2,16,1,15,5
3,4,1,3,5,3,2,1,4,1,3,3,2,1,1,0,4,1,3,3,1,0,1,0
4,2,4,2,22,20,2,0,2,4,4,2,2,1,1,0,2,4,4,2,1,0,1,0
3,2,2,2,21,14,7,2,2,2,3,2,7,4,3,1,2,2,3,2,3,2,1,0
2,2,1,1,21,8,13,3,2,1,2,1,13,5,8,2,2,1,2,1,8,3,5,1
0,4,2,1,14,1,13,3,4,2,0,1,13,1,12,3,4,2,0,1,12,1,11,3
0,3,1,3,10,0,10,6,3,1,0,3,10,0,10,7,3,1,0,3,10,1,9,6
0,3,3,4,20,2,18,17,3,3,0,4,18,1,17,16,3,3,0,4,17,1,16,15
0,3,0,0,7,0,7,0,3,0,0,0,7,0,7,0,3,0,0,0,7,0,7,0
4,4,2,2,5,4,1,0,4,2,4,2,1,0,1,0,4,2,4,2,1,0,1,0
0,4,2,4,9,0,9,8,4,2,0,4,9,0,9,8,4,2,0,4,9,0,9,8
4,0,2,2,25,23,2,0,0,2,4,2,2,1,1,0,0,2,4,2,1,0,1,0
0,1,3,4,34,3,31,29,1,3,0,4,31,3,28,26,1,3,0,4,28,2,26,24
0,0,1,2,16,1,15,6,0,1,0,2,15,1,14,5,0,1,0,2,14,1,13,5
3,4,4,3,16,11,5,3,4,4,3,3,5,3,2,1,4,4,3,3,2,1,1,0
0,4,0,2,6,0,6,2,4,0,0,2,6,0,6,2,4,0,0,2,6,0,6,2
0,0,2,4,34,3,31,29,0,2,0,4,31,3,28,26,0,2,0,4,28,2,26,24
3,1,0,4,13,9,4,3,1,0,3,4,4,2,2,1,1,0,3,4,2,1,1,0
4,1,4,4,30,28,2,1,1,4,4,4,2,1,1,0,1,4,4,4,1,0,1,0
3,0,1,1,20,13,7,2,0,1,3,1,7,4,3,0,0,1,3,1,3,2,1,0
1,0,1,1,18,5,13,3,0,1,1,1,13,3,10,2,0,1,1,1,10,2,8,2
3,4,4,3,9,6,3,2,4,4,3,3,3,2,1,0,4,4,3,3,1,0,1,0
4,3,2,4,24,22,2,1,3,2,4,4,2,1,1,0,3,2,4,4,1,0,1,0
2,0,4,0,38,15,23,2,0,4,2,0,23,9,14,1,0,4,2,0,14,5,9,0
3,4,4,2,22,15,7,2,4,4,3,2,7,4,3,1,4,4,3,2,3,2,1,0
0,2,1,4,15,1,14,13,2,1,0,4,14,1,13,12,2,1,0,4,13,1,12,11
3,1,2,2,34,23,11,4,1,2,3,2,11,7,4,1,1,2,3,2,4,2,2,0
1,2,4,3,38,11,27,18,2,4,1,3,27,8,19,13,2,4,1,3,19,5,14,9
3,2,0,0,21,14,7,0,2,0,3,0,7,4,3,0,2,0,3,0,3,2,1,0
1,1,3,3,34,10,24,16,1,3,1,3,24,7,17,11,1,3,1,3,17,5,12,8
2,1,3,3,25,9,16,11,1,3,2,3,16,6,10,6,1,3,2,3,10,4,6,4
2,1,1,0,18,7,11,1,1,1,2,0,11,4,7,0,1,1,2,0,7,2,5,0
0,1,4,0,33,3,30,2,1,4,0,0,30,3,27,2,1,4,0,0,27,2,25,2
1,0,4,3,29,8,21,14,0,4,1,3,21,6,15,10,0,4,1,3,15,4,11,7
1,2,4,3,25,7,18,12,2,4,1,3,18,5,13,9,2,4,1,3,13,3,10,6
3,0,0,3,11,7,4,2,0,0,3,3,4,2,2,1,0,0,3,3,2,1,1,0
2,3,1,1,7,2,5,1,3,1,2,1,5,1,4,1,3,1,2,1,4,1,3,0
0,0,1,0,17,1,16,1,0,1,0,0,16,1,15,1,0,1,0,0,15,1,14,1
2,0,1,2,23,9,14,5,0,1,2,2,14,5,9,3,0,1,2,2,9,3,6,2
3,0,1,0,11,7,4,0,0,1,3,0,4,2,2,0,0,1,3,0,2,1,1,0
0,4,2,2,14,1,13,5,4,2,0,2,13,1,12,4,4,2,0,2,12,1,11,4
0,0,4,3,36,3,33,23,0,4,0,3,33,3,30,21,0,4,0,3,30,3,27,18
3,1,3,1,25,17,8,2,1,3,3,1,8,5,3,0,1,3,3,1,3,2,1,0
1,2,0,3,9,2,7,4,2,0,1,3,7,2,5,3,2,0,1,3,5,1,4,2
2,1,0,3,5,2,3,2,1,0,2,3,3,1,2,1,1,0,2,3,2,0,2,1
4,2,2,0,5,4,1,0,2,2,4,0,1,0,1,0,2,2,4,0,1,0,1,0
1,2,0,2,19,5,14,5,2,0,1,2,14,4,10,3,2,0,1,2,10,2,8,3
3,4,3,0,6,4,2,0,4,3,3,0,2,1,1,0,4,3,3,0,1,0,1,0
0,4,4,2,7,0,7,2,4,4,0,2,7,0,7,2,4,4,0,2,7,0,7,2
2,0,3,2,24,9,15,5,0,3,2,2,15,5,10,4,0,3,2,2,10,3,7,2
0,0,4,1,30,3,27,8,0,4,0,1,27,2,25,7,0,4,0,1,25,2,23,6
2,1,4,3,32,12,20,13,1,4,2,3,20,8,12,8,1,4,2,3,12,4,8,5
2,4,4,3,24,9,15,10,4,4,2,3,15,6,9,6,4,4,2,3,9,3,6,4
1,0,4,3,37,11,26,18,0,4,1,3,26,7,19,13,0,4,1,3,19,5,14,9
4,1,0,0,11,10,1,0,1,0,4,0,1,0,1,0,1,0,4,0,1,0,1,0
4,1,0,0,21,19,2,0,1,0,4,0,2,1,1,0,1,0,4,0,1,0,1,0
4,2,4,4,20,18,2,1,2,4,4,4,2,1,1,0,2,4,4,4,1,0,1,0
0,3,4,4,22,2,20,18,3,4,0,4,20,1,19,18,3,4,0,4,19,1,18,17
1,1,2,3,32,9,23,16,1,2,1,3,23,6,17,11,1,2,1,3,17,5,12,8
4,0,0,4,18,17,1,0,0,0,4,4,1,0,1,0,0,0,4,4,1,0,1,0
2,0,0,2,12,4,8,3,0,0,2,2,8,3,5,1,0,0,2,2,5,1,4,1
4,4,0,0,10,9,1,0,4,0,4,0,1,0,1,0,4,0,4,0,1,0,1,0
4,0,1,2,22,20,2,0,0,1,4,2,2,1,1,0,0,1,4,2,1,0,1,0
4,2,4,2,27,25,2,0,2,4,4,2,2,1,1,0,2,4,4,2,1,0,1,0
2,2,0,3,7,2,5,3,2,0,2,3,5,1,4,2,2,0,2,3,4,1,3,2
3,3,1,4,6,4,2,1,3,1,3,4,2,1,1,0,3,1,3,4,1,0,1,0
3,1,4,1,35,24,11,3,1,4,3,1,11,7,4,1,1,4,3,1,4,2,2,0
0,3,1,2,30,3,27,10,3,1,0,2,27,2,25,9,3,1,0,2,25,2,23,9
2,0,0,3,4,1,3,2,0,0,2,3,3,1,2,1,0,0,2,3,2,0,2,1
0,0,3,0,34,3,31,3,0,3,0,0,31,3,28,2,0,3,0,0,28,2,26,2
0,0,1,2,26,2,24,9,0,1,0,2,24,2,22,8,0,1,0,2,22,2,20,8
2,3,2,2,12,4,8,3,3,2,2,2,8,3,5,2,3,2,2,2,5,2,3,1
1,2,0,3,13,3,10,7,2,0,1,3,10,2,8,5,2,0,1,3,8,2,6,4
3,2,2,0,19,13,6,0,2,2,3,0,6,4,2,0,2,2,3,0,2,1,1,0
0,3,1,0,14,1,13,1,3,1,0,0,13,1,12,1,3,1,0,0,12,1,11,1
0,2,2,0,19,1,18,1,2,2,0,0,18,1,17,1,2,2,0,0,17,1,16,1
0,1,1,4,10,1,9,8,1,1,0,4,9,0,9,8,1,1,0,4,9,0,9,8
2,2,0,2,3,1,2,0,2,0,2,2,2,0,2,0,2,0,2,2,2,0,2,0
4,4,1,4,1,0,1,0,4,1,4,4,1,0,1,0,4,1,4,4,1,0,1,0
4,0,0,1,8,7,1,0,0,0,4,1,1,0,1,0,0,0,4,1,1,0,1,0
1,1,4,3,33,9,24,16,1,4,1,3,24,7,17,11,1,4,1,3,17,5,12,8
0,3,4,2,16,1,15,5,3,4,0,2,15,1,14,5,3,4,0,2,14,1,13,5
4,3,2,3,29,27,2,1,3,2,4,3,2,1,1,0,3,2,4,3,1,0,1,0
3,1,2,4,12,8,4,3,1,2,3,4,4,2,2,1,1,2,3,4,2,1,1,0
2,0,2,1,26,10,16,4,0,2,2,1,16,6,10,3,0,2,2,1,10,4,6,1
0,4,3,1,7,0,7,2,4,3,0,1,7,0,7,2,4,3,0,1,7,0,7,2
3,0,2,3,17,11,6,4,0,2,3,3,6,4,2,1,0,2,3,3,2,1,1,0
2,0,2,0,35,14,21,2,0,2,2,0,21,8,13,1,0,2,2,0,13,5,8,0
2,1,2,2,23,9,14,5,1,2,2,2,14,5,9,3,1,2,2,2,9,3,6,2
4,0,2,4,35,33,2,1,0,2,4,4,2,1,1,0,0,2,4,4,1,0,1,0
4,0,1,3,17,16,1,0,0,1,4,3,1,0,1,0,0,1,4,3,1,0,1,0
3,3,1,1,22,15,7,2,3,1,3,1,7,4,3,0,3,1,3,1,3,2,1,0
3,2,2,4,30,21,9,8,2,2,3,4,9,6,3,2,2,2,3,4,3,2,1,0
4,2,0,2,2,1,1,0,2,0,4,2,1,0,1,0,2,0,4,2,1,0,1,0
3,4,0,3,5,3,2,1,4,0,3,3,2,1,1,0,4,0,3,3,1,0,1,0
0,0,1,1,30,2,28,8,0,1,0,1,28,2,26,7,0,1,0,1,26,2,24,7
3,0,2,0,23,16,7,0,0,2,3,0,7,4,3,0,0,2,3,0,3,2,1,0
1,4,3,3,22,6,16,11,4,3,1,3,16,4,12,8,4,3,1,3,12,3,9,6
2,2,0,0,9,3,6,0,2,0,2,0,6,2,4,0,2,0,2,0,4,1,3,0
1,0,4,1,34,10,24,7,0,4,1,1,24,7,17,5,0,4,1,1,17,5,12,3
1,4,2,3,8,2,6,4,4,2,1,3,6,1,5,3,4,2,1,3,5,1,4,2
2,3,4,4,4,1,3,2,3,4,2,4,3,1,2,1,3,4,2,4,2,0,2,1
3,1,1,2,22,15,7,2,1,1,3,2,7,4,3,1,1,1,3,2,3,2,1,0
0,2,1,4,18,1,17,16,2,1,0,4,17,1,16,15,2,1,0,4,16,1,15,14
1,0,3,3,27,8,19,13,0,3,1,3,19,5,14,9,0,3,1,3,14,4,10,7
2,3,3,3,8,3,5,3,3,3,2,3,5,1,4,2,3,3,2,3,4,1,3,2
1,3,3,1,4,1,3,0,3,3,1,1,3,0,3,0,3,3,1,1,3,0,3,0
3,3,2,1,14,9,5,1,3,2,3,1,5,3,2,0,3,2,3,1,2,1,1,0
2,1,4,0,34,13,21,2,1,4,2,0,21,8,13,1,1,4,2,0,13,5,8,0
3,2,1,1,20,13,7,2,2,1,3,1,7,4,3,0,2,1,3,1,3,2,1,0
2,3,3,4,23,9,14,13,3,3,2,4,14,5,9,8,3,3,2,4,9,3,6,5
4,3,1,3,22,20,2,1,3,1,4,3,2,1,1,0,3,1,4,3,1,0,1,0
0,1,1,0,11,1,10,1,1,1,0,0,10,0,10,1,1,1,0,0,10,0,10,1
2,0,0,4,22,8,14,13,0,0,2,4,14,5,9,8,0,0,2,4,9,3,6,5
3,3,3,1,18,12,6,1,3,3,3,1,6,4,2,0,3,3,3,1,2,1,1,0
1,2,1,4,14,4,10,9,2,1,1,4,10,2,8,7,2,1,1,4,8,2,6,5
0,4,4,4,38,3,35,33,4,4,0,4,35,3,32,30,4,4,0,4,32,3,29,27
0,1,0,1,8,0,8,2,1,0,0,1,8,0,8,2,1,0,0,1,8,0,8,2
1,1,0,0,11,3,8,0,1,0,1,0,8,2,6,0,1,0,1,0,6,1,5,0
0,1,3,0,29,2,27,2,1,3,0,0,27,2,25,2,1,3,0,0,25,2,23,2
3,0,4,1,36,25,11,3,0,4,3,1,11,7,4,1,0,4,3,1,4,2,2,0
0,3,1,4,22,2,20,19,3,1,0,4,20,1,19,18,3,1,0,4,19,1,18,17
4,3,1,4,6,5,1,0,3,1,4,4,1,0,1,0,3,1,4,4,1,0,1,0
4,2,2,3,22,20,2,1,2,2,4,3,2,1,1,0,2,2,4,3,1,0,1,0
0,4,4,3,22,2,20,14,4,4,0,3,20,2,18,12,4,4,0,3,18,1,17,11
0,3,3,1,1,0,1,0,3,3,0,1,1,0,1,0,3,3,0,1,1,0,1,0
1,3,3,1,1,0,1,0,3,3,1,1,1,0,1,0,3,3,1,1,1,0,1,0
3,0,0,4,17,11,6,5,0,0,3,4,6,4,2,1,0,0,3,4,2,1,1,0
0,0,3,0,34,3,31,3,0,3,0,0,31,3,28,2,0,3,0,0,28,2,26,2
4,3,1,4,22,20,2,1,3,1,4,4,2,1,1,0,3,1,4,4,1,0,1,0
2,3,2,1,18,7,11,3,3,2,2,1,11,4,7,2,3,2,2,1,7,2,5,1
4,3,3,1,15,14,1,0,3,3,4,1,1,0,1,0,3,3,4,1,1,0,1,0
3,3,3,0,24,16,8,0,3,3,3,0,8,5,3,0,3,3,3,0,3,2,1,0
3,4,0,2,4,2,2,0,4,0,3,2,2,1,1,0,4,0,3,2,1,0,1,0
1,4,0,4,25,7,18,17,4,0,1,4,18,5,13,12,4,0,1,4,13,3,10,9
0,3,3,0,30,3,27,2,3,3,0,0,27,2,25,2,3,3,0,0,25,2,23,2
3,2,3,3,20,14,6,4,2,3,3,3,6,4,2,1,2,3,3,3,2,1,1,0
0,3,4,0,6,0,6,0,3,4,0,0,6,0,6,0,3,4,0,0,6,0,6,0
4,2,0,1,1,0,1,0,2,0,4,1,1,0,1,0,2,0,4,1,1,0,1,0
0,0,1,4,27,2,25,23,0,1,0,4,25,2,23,21,0,1,0,4,23,2,21,19
3,4,3,2,26,18,8,3,4,3,3,2,8,5,3,1,4,3,3,2,3,2,1,0
3,1,2,2,23,16,7,2,1,2,3,2,7,4,3,1,1,2,3,2,3,2,1,0
0,3,1,4,10,1,9,8,3,1,0,4,9,0,9,8,3,1,0,4,9,0,9,8
3,3,2,2,21,14,7,2,3,2,3,2,7,4,3,1,3,2,3,2,3,2,1,0
3,0,4,1,39,27,12,3,0,4,3,1,12,8,4,1,0,4,3,1,4,2,2,0
3,0,2,3,23,16,7,4,0,2,3,3,7,4,3,2,0,2,3,3,3,2,1,0
3,4,1,0,0,0,0,0,4,1,3,0,0,0,0,0,4,1,3,0,0,0,0,0
3,3,0,3,3,2,1,0,3,0,3,3,1,0,1,0,3,0,3,3,1,0,1,0
3,4,3,4,8,5,3,2,4,3,3,4,3,2,1,0,4,3,3,4,1,0,1,0
0,3,4,0,14,1,13,1,3,4,0,0,13,1,12,1,3,4,0,0,12,1,11,1
1,0,4,2,38,11,27,10,0,4,1,2,27,8,19,7,0,4,1,2,19,5,14,5
0,1,1,4,27,2,25,23,1,1,0,4,25,2,23,21,1,1,0,4,23,2,21,19
2,1,0,1,5,1,4,1,1,0,2,1,4,1,3,0,1,0,2,1,3,1,2,0
2,1,3,1,31,12,19,5,1,3,2,1,19,7,12,3,1,3,2,1,12,4,8,2
2,4,2,2,8,3,5,1,4,2,2,2,5,2,3,1,4,2,2,2,3,1,2,0
0,0,2,1,38,3,35,10,0,2,0,1,35,3,32,9,0,2,0,1,32,3,29,8
4,3,4,2,33,31,2,0,3,4,4,2,2,1,1,0,3,4,4,2,1,0,1,0
3,1,0,4,10,6,4,3,1,0,3,4,4,2,2,1,1,0,3,4,2,1,1,0
1,2,3,4,18,5,13,12,2,3,1,4,13,3,10,9,2,3,1,4,10,2,8,7
1,0,1,2,25,7,18,7,0,1,1,2,18,5,13,5,0,1,1,2,13,3,10,4
4,2,0,2,7,6,1,0,2,0,4,2,1,0,1,0,2,0,4,2,1,0,1,0
0,4,2,3,11,1,10,7,4,2,0,3,10,1,9,6,4,2,0,3,9,0,9,6
2,4,0,0,7,2,5,0,4,0,2,0,5,2,3,0,4,0,2,0,3,1,2,0
0,4,0,2,4,0,4,1,4,0,0,2,4,0,4,1,4,0,0,2,4,0,4,1
4,2,2,0,16,15,1,0,2,2,4,0,1,0,1,0,2,2,4,0,1,0,1,0
4,1,2,2,5,4,1,0,1,2,4,2,1,0,1,0,1,2,4,2,1,0,1,0
0,0,4,2,30,2,28,11,0,4,0,2,28,2,26,10,0,4,0,2,26,2,24,9
3,0,0,2,6,4,2,0,0,0,3,2,2,1,1,0,0,0,3,2,1,0,1,0
2,0,2,1,33,13,20,5,0,2,2,1,20,8,12,3,0,2,2,1,12,4,8,2
0,4,4,2,14,1,13,5,4,4,0,2,13,1,12,4,4,4,0,2,12,1,11,4
0,0,2,4,25,2,23,21,0,2,0,4,23,2,21,19,0,2,0,4,21,2,19,18
3,3,3,2,26,18,8,3,3,3,3,2,8,5,3,1,3,3,3,2,3,2,1,0
0,0,4,2,39,3,36,14,0,4,0,2,36,3,33,13,0,4,0,2,33,3,30,11
4,4,2,0,9,8,1,0,4,2,4,0,1,0,1,0,4,2,4,0,1,0,1,0
4,2,1,4,12,11,1,0,2,1,4,4,1,0,1,0,2,1,4,4,1,0,1,0
0,4,4,4,11,1,10,9,4,4,0,4,10,1,9,8,4,4,0,4,9,0,9,8
2,4,1,2,9,3,6,2,4,1,2,2,6,2,4,1,4,1,2,2,4,1,3,1
0,4,0,4,3,0,3,2,4,0,0,4,3,0,3,2,4,0,0,4,3,0,3,2
0,3,1,1,20,1,19,5,3,1,0,1,19,1,18,5,3,1,0,1,18,1,17,5
0,2,3,2,27,2,25,10,2,3,0,2,25,2,23,9,2,3,0,2,23,2,21,8
2,0,4,3,36,14,22,15,0,4,2,3,22,8,14,9,0,4,2,3,14,5,9,6
3,3,1,4,4,2,2,1,3,1,3,4,2,1,1,0,3,1,3,4,1,0,1,0
3,3,2,2,9,6,3,1,3,2,3,2,3,2,1,0,3,2,3,2,1,0,1,0
2,3,3,4,16,6,10,9,3,3,2,4,10,3,7,6,3,3,2,4,7,2,5,4
4,1,2,2,37,35,2,0,1,2,4,2,2,1,1,0,1,2,4,2,1,0,1,0
2,1,1,2,25,9,16,6,1,1,2,2,16,6,10,4,1,1,2,2,10,4,6,2
1,3,3,4,37,11,26,24,3,3,1,4,26,7,19,18,3,3,1,4,19,5,14,13
3,2,0,1,14,9,5,1,2,0,3,1,5,3,2,0,2,0,3,1,2,1,1,0
4,2,2,0,15,14,1,0,2,2,4,0,1,0,1,0,2,2,4,0,1,0,1,0
3,2,2,3,25,17,8,5,2,2,3,3,8,5,3,2,2,2,3,3,3,2,1,0
2,0,4,4,37,14,23,21,0,4,2,4,23,9,14,13,0,4,2,4,14,5,9,8
1,4,4,4,10,2,8,7,4,4,1,4,8,2,6,5,4,4,1,4,6,1,5,4
0,3,1,2,26,2,24,9,3,1,0,2,24,2,22,8,3,1,0,2,22,2,20,7
3,4,0,3,21,14,7,4,4,0,3,3,7,4,3,2,4,0,3,3,3,2,1,0
4,2,2,4,11,10,1,0,2,2,4,4,1,0,1,0,2,2,4,4,1,0,1,0
1,3,4,0,6,1,5,0,3,4,1,0,5,1,4,0,3,4,1,0,4,1,3,0
2,2,4,0,3,1,2,0,2,4,2,0,2,0,2,0,2,4,2,0,2,0,2,0
4,4,0,3,6,5,1,0,4,0,4,3,1,0,1,0,4,0,4,3,1,0,1,0
4,2,2,3,9,8,1,0,2,2,4,3,1,0,1,0,2,2,4,3,1,0,1,0
2,0,1,0,27,10,17,1,0,1,2,0,17,6,11,1,0,1,2,0,11,4,7,0
0,2,1,0,23,2,21,2,2,1,0,0,21,2,19,1,2,1,0,0,19,1,18,1
4,1,1,0,2,1,1,0,1,1,4,0,1,0,1,0,1,1,4,0,1,0,1,0
2,2,1,1,5,1,4,1,2,1,2,1,4,1,3,0,2,1,2,1,3,1,2,0
0,1,0,1,15,1,14,4,1,0,0,1,14,1,13,3,1,0,0,1,13,1,12,3
1,0,2,0,20,6,14,1,0,2,1,0,14,4,10,0,0,2,1,0,10,2,8,0
3,0,0,3,20,14,6,4,0,0,3,3,6,4,2,1,0,0,3,3,2,1,1,0
4,2,4,0,21,19,2,0,2,4,4,0,2,1,1,0,2,4,4,0,1,0,1,0
4,1,2,2,23,21,2,0,1,2,4,2,2,1,1,0,1,2,4,2,1,0,1,0
0,1,2,3,23,2,21,14,1,2,0,3,21,2,19,13,1,2,0,3,19,1,18,12
4,0,2,2,27,25,2,0,0,2,4,2,2,1,1,0,0,2,4,2,1,0,1,0
2,2,2,4,27,10,17,16,2,2,2,4,17,6,11,10,2,2,2,4,11,4,7,6
0,4,1,0,3,0,3,0,4,1,0,0,3,0,3,0,4,1,0,0,3,0,3,0
4,2,1,1,28,26,2,0,2,1,4,1,2,1,1,0,2,1,4,1,1,0,1,0
0,0,3,3,39,3,36,25,0,3,0,3,36,3,33,23,0,3,0,3,33,3,30,21
0,0,3,1,32,3,29,8,0,3,0,1,29,2,27,8,0,3,0,1,27,2,25,7
0,1,3,4,18,1,17,16,1,3,0,4,17,1,16,15,1,3,0,4,16,1,15,14
2,2,4,1,26,10,16,4,2,4,2,1,16,6,10,2,2,4,2,1,10,3,7,2
1,1,1,2,0,0,0,0,1,1,1,2,0,0,0,0,1,1,1,2,0,0,0,0
0,0,1,3,12,1,11,7,0,1,0,3,11,1,10,7,0,1,0,3,10,1,9,6
0,3,0,1,13,1,12,3,3,0,0,1,12,1,11,3,3,0,0,1,11,1,10,2
4,0,4,2,32,30,2,0,0,4,4,2,2,1,1,0,0,4,4,2,1,0,1,0
1,4,3,4,6,1,5,4,4,3,1,4,5,1,4,3,4,3,1,4,4,1,3,2
2,3,2,1,22,8,14,4,3,2,2,1,14,5,9,2,3,2,2,1,9,3,6,1
1,0,2,4,37,11,26,24,0,2,1,4,26,7,19,18,0,2,1,4,19,5,14,13
3,3,3,0,16,11,5,0,3,3,3,0,5,3,2,0,3,3,3,0,2,1,1,0
3,1,1,2,20,14,6,2,1,1,3,2,6,4,2,0,1,1,3,2,2,1,1,0
4,1,3,4,28,26,2,1,1,3,4,4,2,1,1,0,1,3,4,4,1,0,1,0
0,0,3,0,31,3,28,2,0,3,0,0,28,2,26,2,0,3,0,0,26,2,24,2
2,3,0,4,17,6,11,10,3,0,2,4,11,4,7,6,3,0,2,4,7,2,5,4
2,0,3,3,32,12,20,14,0,3,2,3,20,7,13,9,0,3,2,3,13,5,8,5
0,1,0,3,6,0,6,4,1,0,0,3,6,0,6,4,1,0,0,3,6,0,6,4
1,2,4,3,29,8,21,14,2,4,1,3,21,6,15,10,2,4,1,3,15,4,11,7
1,4,2,3,13,3,10,7,4,2,1,3,10,3,7,4,4,2,1,3,7,2,5,3
1,3,4,1,13,3,10,3,3,4,1,1,10,2,8,2,3,4,1,1,8,2,6,1
2,0,2,2,30,11,19,7,0,2,2,2,19,7,12,4,0,2,2,2,12,4,8,3
4,3,3,1,31,29,2,0,3,3,4,1,2,1,1,0,3,3,4,1,1,0,1,0
2,3,0,4,5,1,4,3,3,0,2,4,4,1,3,2,3,0,2,4,3,1,2,1
4,2,2,3,23,21,2,1,2,2,4,3,2,1,1,0,2,2,4,3,1,0,1,0
1,1,3,4,37,11,26,24,1,3,1,4,26,7,19,18,1,3,1,4,19,5,14,13
0,3,4,2,30,3,27,10,3,4,0,2,27,2,25,9,3,4,0,2,25,2,23,9
2,2,3,3,10,4,6,4,2,3,2,3,6,2,4,2,2,3,2,3,4,1,3,2
0,4,2,3,3,0,3,2,4,2,0,3,3,0,3,2,4,2,0,3,3,0,3,2
0,3,0,2,25,2,23,9,3,0,0,2,23,2,21,8,3,0,0,2,21,2,19,7
3,2,3,4,39,27,12,11,2,3,3,4,12,8,4,3,2,3,3,4,4,2,2,1
0,2,1,2,13,1,12,4,2,1,0,2,12,1,11,4,2,1,0,2,11,1,10,4
4,4,4,3,15,14,1,0,4,4,4,3,1,0,1,0,4,4,4,3,1,0,1,0
3,1,3,3,35,24,11,7,1,3,3,3,11,7,4,2,1,3,3,3,4,2,2,1
0,1,0,4,2,0,2,1,1,0,0,4,2,0,2,1,1,0,0,4,2,0,2,1
2,4,2,0,8,3,5,0,4,2,2,0,5,1,4,0,4,2,2,0,4,1,3,0
2,0,2,1,27,10,17,5,0,2,2,1,17,6,11,3,0,2,2,1,11,4,7,2
0,3,0,0,8,0,8,0,3,0,0,0,8,0,8,0,3,0,0,0,8,0,8,0
1,2,0,4,5,1,4,3,2,0,1,4,4,1,3,2,2,0,1,4,3,0,3,2
0,4,2,3,28,2,26,18,4,2,0,3,26,2,24,16,4,2,0,3,24,2,22,15
2,2,3,1,25,10,15,4,2,3,2,1,15,5,10,2,2,3,2,1,10,4,6,1
0,0,0,2,15,1,14,5,0,0,0,2,14,1,13,5,0,0,0,2,13,1,12,4
4,1,1,4,22,20,2,1,1,1,4,4,2,1,1,0,1,1,4,4,1,0,1,0
2,4,0,1,2,0,2,0,4,0,2,1,2,0,2,0,4,0,2,1,2,0,2,0
0,1,1,1,25,2,23,6,1,1,0,1,23,2,21,6,1,1,0,1,21,2,19,5
2,0,3,4,29,11,18,17,0,3,2,4,18,7,11,10,0,3,2,4,11,4,7,6
2,4,2,2,3,1,2,0,4,2,2,2,2,0,2,0,4,2,2,2,2,0,2,0
0,2,3,2,35,3,32,12,2,3,0,2,32,3,29,11,2,3,0,2,29,2,27,10
3,4,3,3,3,2,1,0,4,3,3,3,1,0,1,0,4,3,3,3,1,0,1,0
1,1,0,3,11,3,8,5,1,0,1,3,8,2,6,4,1,0,1,3,6,1,5,3
4,3,0,0,2,1,1,0,3,0,4,0,1,0,1,0,3,0,4,0,1,0,1,0
4,4,4,2,5,4,1,0,4,4,4,2,1,0,1,0,4,4,4,2,1,0,1,0
4,3,1,0,35,33,2,0,3,1,4,0,2,1,1,0,3,1,4,0,1,0,1,0
2,3,0,0,5,2,3,0,3,0,2,0,3,1,2,0,3,0,2,0,2,0,2,0
1,3,3,3,21,6,15,10,3,3,1,3,15,4,11,7,3,3,1,3,11,3,8,5
0,4,1,3,10,0,10,6,4,1,0,3,10,0,10,7,4,1,0,3,10,0,10,6
0,2,3,2,26,2,24,9,2,3,0,2,24,2,22,8,2,3,0,2,22,2,20,7
3,2,4,0,23,16,7,0,2,4,3,0,7,4,3,0,2,4,3,0,3,2,1,0
3,3,1,2,12,8,4,1,3,1,3,2,4,2,2,0,3,1,3,2,2,1,1,0
2,1,1,3,20,8,12,8,1,1,2,3,12,4,8,5,1,1,2,3,8,3,5,3
3,1,1,3,15,10,5,3,1,1,3,3,5,3,2,1,1,1,3,3,2,1,1,0
0,0,0,1,17,1,16,4,0,0,0,1,16,1,15,4,0,0,0,1,15,1,14,4
4,0,2,0,31,29,2,0,0,2,4,0,2,1,1,0,0,2,4,0,1,0,1,0
3,1,4,2,33,23,10,3,1,4,3,2,10,6,4,1,1,4,3,2,4,2,2,0
0,2,2,1,16,1,15,4,2,2,0,1,15,1,14,4,2,2,0,1,14,1,13,3
4,3,3,0,22,20,2,0,3,3,4,0,2,1,1,0,3,3,4,0,1,0,1,0
4,3,2,4,19,18,1,0,3,2,4,4,1,0,1,0,3,2,4,4,1,0,1,0
2,3,3,3,16,6,10,7,3,3,2,3,10,4,6,4,3,3,2,3,6,2,4,2
2,4,2,0,22,8,14,1,4,2,2,0,14,5,9,0,4,2,2,0,9,3,6,0
0,0,2,0,32,3,29,2,0,2,0,0,29,2,27,2,0,2,0,0,27,2,25,2
0,2,0,3,24,2,22,15,2,0,0,3,22,2,20,13,2,0,0,3,20,1,19,13
2,4,2,0,4,1,3,0,4,2,2,0,3,1,2,0,4,2,2,0,2,0,2,0
4,4,1,3,7,6,1,0,4,1,4,3,1,0,1,0,4,1,4,3,1,0,1,0
1,0,4,3,35,10,25,17,0,4,1,3,25,7,18,12,0,4,1,3,18,5,13,9
1,3,3,3,8,2,6,4,3,3,1,3,6,1,5,3,3,3,1,3,5,1,4,2
0,1,1,0,21,2,19,1,1,1,0,0,19,1,18,1,1,1,0,0,18,1,17,1
1,0,1,0,26,7,19,1,0,1,1,0,19,5,14,1,0,1,1,0,14,4,10,0
4,4,2,0,11,10,1,0,4,2,4,0,1,0,1,0,4,2,4,0,1,0,1,0
2,4,1,4,9,3,6,5,4,1,2,4,6,2,4,3,4,1,2,4,4,1,3,2
0,0,2,4,17,1,16,15,0,2,0,4,16,1,15,14,0,2,0,4,15,1,14,13
1,3,0,4,10,3,7,6,3,0,1,4,7,2,5,4,3,0,1,4,5,1,4,3
1,4,1,2,9,2,7,2,4,1,1,2,7,2,5,1,4,1,1,2,5,1,4,1
0,0,1,2,23,2,21,8,0,1,0,2,21,2,19,7,0,1,0,2,19,1,18,7
2,3,4,0,17,6,11,1,3,4,2,0,11,4,7,0,3,4,2,0,7,2,5,0
3,0,2,4,28,19,9,8,0,2,3,4,9,6,3,2,0,2,3,4,3,2,1,0
4,3,0,2,0,0,0,0,3,0,4,2,0,0,0,0,3,0,4,2,0,0,0,0
1,4,1,3,3,0,3,2,4,1,1,3,3,0,3,2,4,1,1,3,3,0,3,2
3,3,3,0,3,2,1,0,3,3,3,0,1,0,1,0,3,3,3,0,1,0,1,0
4,4,1,0,3,2,1,0,4,1,4,0,1,0,1,0,4,1,4,0,1,0,1,0
3,4,2,1,1,0,1,0,4,2,3,1,1,0,1,0,4,2,3,1,1,0,1,0
3,3,0,0,3,2,1,0,3,0,3,0,1,0,1,0,3,0,3,0,1,0,1,0
1,0,0,3,4,1,3,2,0,0,1,3,3,0,3,2,0,0,1,3,3,0,3,2
4,3,2,4,9,8,1,0,3,2,4,4,1,0,1,0,3,2,4,4,1,0,1,0
0,0,0,0,7,0,7,0,0,0,0,0,7,0,7,0,0,0,0,0,7,0,7,0
2,4,2,2,2,0,2,0,4,2,2,2,2,0,2,0,4,2,2,2,2,0,2,0
3,2,2,1,31,21,10,2,2,2,3,1,10,6,4,1,2,2,3,1,4,2,2,0
4,2,0,2,13,12,1,0,2,0,4,2,1,0,1,0,2,0,4,2,1,0,1,0
2,1,4,1,19,7,12,3,1,4,2,1,12,4,8,2,1,4,2,1,8,3,5,1
2,1,1,2,26,10,16,6,1,1,2,2,16,6,10,3,1,1,2,2,10,3,7,2
3,4,0,4,8,5,3,2,4,0,3,4,3,2,1,0,4,0,3,4,1,0,1,0
3,3,3,0,25,17,8,0,3,3,3,0,8,5,3,0,3,3,3,0,3,2,1,0
0,4,1,2,5,0,5,2,4,1,0,2,5,0,5,2,4,1,0,2,5,0,5,2
0,4,3,4,0,0,0,0,4,3,0,4,0,0,0,0,4,3,0,4,0,0,0,0
2,3,4,1,16,6,10,3,3,4,2,1,10,4,6,1,3,4,2,1,6,2,4,1
3,0,4,3,39,27,12,8,0,4,3,3,12,8,4,2,0,4,3,3,4,2,2,1
1,2,2,3,29,8,21,14,2,2,1,3,21,6,15,10,2,2,1,3,15,4,11,7
3,1,0,3,17,11,6,4,1,0,3,3,6,4,2,1,1,0,3,3,2,1,1,0
0,0,4,3,33,3,30,21,0,4,0,3,30,2,28,19,0,4,0,3,28,2,26,18
0,2,1,0,18,1,17,1,2,1,0,0,17,1,16,1,2,1,0,0,16,1,15,1
1,3,2,0,2,0,2,0,3,2,1,0,2,0,2,0,3,2,1,0,2,0,2,0
3,4,1,2,20,13,7,2,4,1,3,2,7,4,3,1,4,1,3,2,3,2,1,0
4,2,0,0,0,0,0,0,2,0,4,0,0,0,0,0,2,0,4,0,0,0,0,0
3,4,1,1,4,2,2,0,4,1,3,1,2,1,1,0,4,1,3,1,1,0,1,0
1,1,4,4,34,10,24,22,1,4,1,4,24,7,17,16,1,4,1,4,17,5,12,11
4,0,0,1,20,19,1,0,0,0,4,1,1,0,1,0,0,0,4,1,1,0,1,0
1,3,4,2,20,5,15,6,3,4,1,2,15,4,11,4,3,4,1,2,11,3,8,3
0,1,0,1,5,0,5,1,1,0,0,1,5,0,5,1,1,0,0,1,5,0,5,1
3,2,2,2,23,16,7,2,2,2,3,2,7,4,3,1,2,2,3,2,3,2,1,0
1,2,0,0,2,0,2,0,2,0,1,0,2,0,2,0,2,0,1,0,2,0,2,0
4,2,3,2,13,12,1,0,2,3,4,2,1,0,1,0,2,3,4,2,1,0,1,0
0,2,1,4,12,1,11,10,2,1,0,4,11,1,10,9,2,1,0,4,10,1,9,8
4,1,0,1,19,18,1,0,1,0,4,1,1,0,1,0,1,0,4,1,1,0,1,0
4,3,4,2,10,9,1,0,3,4,4,2,1,0,1,0,3,4,4,2,1,0,1,0
1,1,3,4,24,7,17,16,1,3,1,4,17,5,12,11,1,3,1,4,12,3,9,8
4,1,2,3,31,29,2,1,1,2,4,3,2,1,1,0,1,2,4,3,1,0,1,0
1,2,3,0,34,10,24,2,2,3,1,0,24,7,17,1,2,3,1,0,17,5,12,1
1,1,1,4,27,8,19,18,1,1,1,4,19,5,14,13,1,1,1,4,14,4,10,9
1,0,4,3,29,8,21,14,0,4,1,3,21,6,15,10,0,4,1,3,15,4,11,7
1,1,4,4,28,8,20,19,1,4,1,4,20,5,15,14,1,4,1,4,15,4,11,10
1,0,1,0,34,10,24,2,0,1,1,0,24,7,17,1,0,1,1,0,17,5,12,1
1,2,0,4,12,3,9,8,2,0,1,4,9,2,7,6,2,0,1,4,7,2,5,4
1,0,0,1,7,2,5,1,0,0,1,1,5,1,4,1,0,0,1,1,4,1,3,0
4,0,2,4,25,23,2,1,0,2,4,4,2,1,1,0,0,2,4,4,1,0,1,0
3,2,1,1,10,6,4,1,2,1,3,1,4,2,2,0,2,1,3,1,2,1,1,0
4,1,1,3,11,10,1,0,1,1,4,3,1,0,1,0,1,1,4,3,1,0,1,0
4,1,0,3,17,16,1,0,1,0,4,3,1,0,1,0,1,0,4,3,1,0,1,0
3,0,3,3,22,15,7,4,0,3,3,3,7,4,3,2,0,3,3,3,3,2,1,0
2,3,2,1,24,9,15,4,3,2,2,1,15,5,10,3,3,2,2,1,10,3,7,2
1,2,3,3,37,11,26,18,2,3,1,3,26,7,19,13,2,3,1,3,19,5,14,9
0,4,3,3,14,1,13,9,4,3,0,3,13,1,12,8,4,3,0,3,12,1,11,7
1,1,1,4,20,5,15,14,1,1,1,4,15,4,11,10,1,1,1,4,11,3,8,7
1,0,4,3,32,9,23,16,0,4,1,3,23,6,17,11,0,4,1,3,17,5,12,8
4,2,1,2,12,11,1,0,2,1,4,2,1,0,1,0,2,1,4,2,1,0,1,0
2,3,3,1,31,12,19,5,3,3,2,1,19,7,12,3,3,3,2,1,12,4,8,2
1,4,3,0,10,3,7,0,4,3,1,0,7,2,5,0,4,3,1,0,5,1,4,0
4,2,4,3,27,25,2,1,2,4,4,3,2,1,1,0,2,4,4,3,1,0,1,0
3,2,1,0,10,7,3,0,2,1,3,0,3,2,1,0,2,1,3,0,1,0,1,0
2,0,1,4,8,3,5,4,0,1,2,4,5,1,4,3,0,1,2,4,4,1,3,2
0,1,1,2,23,2,21,8,1,1,0,2,21,2,19,7,1,1,0,2,19,1,18,7
0,4,1,4,8,0,8,7,4,1,0,4,8,0,8,7,4,1,0,4,8,0,8,7
0,1,2,0,7,0,7,0,1,2,0,0,7,0,7,0,1,2,0,0,7,0,7,0
0,3,2,4,31,3,28,26,3,2,0,4,28,2,26,24,3,2,0,4,26,2,24,22
3,1,2,3,23,16,7,4,1,2,3,3,7,4,3,2,1,2,3,3,3,2,1,0
0,4,0,2,4,0,4,1,4,0,0,2,4,0,4,1,4,0,0,2,4,0,4,1
0,1,1,2,0,0,0,0,1,1,0,2,0,0,0,0,1,1,0,2,0,0,0,0
4,3,3,0,18,17,1,0,3,3,4,0,1,0,1,0,3,3,4,0,1,0,1,0
0,4,3,3,21,2,19,13,4,3,0,3,19,1,18,12,4,3,0,3,18,1,17,11
4,2,1,0,14,13,1,0,2,1,4,0,1,0,1,0,2,1,4,0,1,0,1,0
0,2,3,0,39,3,36,3,2,3,0,0,36,3,33,3,2,3,0,0,33,3,30,3
4,3,2,4,2,1,1,0,3,2,4,4,1,0,1,0,3,2,4,4,1,0,1,0
1,2,2,0,24,7,17,1,2,2,1,0,17,5,12,1,2,2,1,0,12,3,9,0
1,2,0,3,21,6,15,10,2,0,1,3,15,4,11,7,2,0,1,3,11,3,8,5
2,3,1,2,9,3,6,2,3,1,2,2,6,2,4,1,3,1,2,2,4,1,3,1
3,3,2,3,8,5,3,2,3,2,3,3,3,2,1,0,3,2,3,3,1,0,1,0
1,0,1,1,2,0,2,0,0,1,1,1,2,0,2,0,0,1,1,1,2,0,2,0
1,2,4,2,15,4,11,4,2,4,1,2,11,3,8,3,2,4,1,2,8,2,6,2
2,4,0,4,7,2,5,4,4,0,2,4,5,1,4,3,4,0,2,4,4,1,3,2
3,4,0,0,6,4,2,0,4,0,3,0,2,1,1,0,4,0,3,0,1,0,1,0
2,2,2,3,39,15,24,16,2,2,2,3,24,9,15,10,2,2,2,3,15,6,9,6
0,0,4,0,38,3,35,3,0,4,0,0,35,3,32,3,0,4,0,0,32,3,29,2
1,1,1,2,11,3,8,3,1,1,1,2,8,2,6,2,1,1,1,2,6,1,5,1
2,1,3,2,32,12,20,7,1,3,2,2,20,8,12,4,1,3,2,2,12,4,8,3
4,3,0,2,1,0,1,0,3,0,4,2,1,0,1,0,3,0,4,2,1,0,1,0
1,2,2,4,26,7,19,18,2,2,1,4,19,5,14,13,2,2,1,4,14,4,10,9
0,4,3,0,16,1,15,1,4,3,0,0,15,1,14,1,4,3,0,0,14,1,13,1
0,3,2,0,24,2,22,2,3,2,0,0,22,2,20,1,3,2,0,0,20,2,18,1
3,4,0,4,4,2,2,1,4,0,3,4,2,1,1,0,4,0,3,4,1,0,1,0
2,3,0,0,6,2,4,0,3,0,2,0,4,1,3,0,3,0,2,0,3,1,2,0
2,3,2,0,16,6,10,1,3,2,2,0,10,3,7,0,3,2,2,0,7,2,5,0
2,0,0,2,19,7,12,4,0,0,2,2,12,4,8,3,0,0,2,2,8,3,5,2
1,2,4,0,18,5,13,1,2,4,1,0,13,3,10,1,2,4,1,0,10,2,8,0
3,2,3,0,28,19,9,0,2,3,3,0,9,6,3,0,2,3,3,0,3,2,1,0
0,2,3,0,14,1,13,1,2,3,0,0,13,1,12,1,2,3,0,0,12,1,11,1
0,1,2,4,29,2,27,25,1,2,0,4,27,2,25,23,1,2,0,4,25,2,23,21
0,4,1,0,3,0,3,0,4,1,0,0,3,0,3,0,4,1,0,0,3,0,3,0
4,0,0,4,0,0,0,0,0,0,4,4,0,0,0,0,0,0,4,4,0,0,0,0
4,2,0,4,17,16,1,0,2,0,4,4,1,0,1,0,2,0,4,4,1,0,1,0
2,4,0,2,2,0,2,0,4,0,2,2,2,0,2,0,4,0,2,2,2,0,2,0
2,1,4,2,19,7,12,4,1,4,2,2,12,4,8,3,1,4,2,2,8,3,5,1
3,0,1,0,28,19,9,0,0,1,3,0,9,6,3,0,0,1,3,0,3,2,1,0
3,2,3,2,13,9,4,1,2,3,3,2,4,2,2,0,2,3,3,2,2,1,1,0
2,3,3,4,11,4,7,6,3,3,2,4,7,2,5,4,3,3,2,4,5,1,4,3
0,2,0,1,11,1,10,2,2,0,0,1,10,1,9,2,2,0,0,1,9,0,9,2
0,3,4,0,15,1,14,1,3,4,0,0,14,1,13,1,3,4,0,0,13,1,12,1
1,4,2,2,9,2,7,2,4,2,1,2,7,2,5,1,4,2,1,2,5,1,4,1
1,3,2,0,25,7,18,1,3,2,1,0,18,5,13,1,3,2,1,0,13,3,10,1
1,0,0,1,9,2,7,2,0,0,1,1,7,2,5,1,0,0,1,1,5,1,4,1
1,1,0,4,17,5,12,11,1,0,1,4,12,3,9,8,1,0,1,4,9,2,7,6
2,4,1,2,3,1,2,0,4,1,2,2,2,0,2,0,4,1,2,2,2,0,2,0
4,3,2,1,0,0,0,0,3,2,4,1,0,0,0,0,3,2,4,1,0,0,0,0
4,0,3,3,38,36,2,1,0,3,4,3,2,1,1,0,0,3,4,3,1,0,1,0
0,0,3,3,22,2,20,14,0,3,0,3,20,2,18,12,0,3,0,3,18,1,17,11
1,3,1,4,15,4,11,10,3,1,1,4,11,3,8,7,3,1,1,4,8,2,6,5
2,0,2,1,16,6,10,3,0,2,2,1,10,3,7,2,0,2,2,1,7,2,5,1
3,1,4,1,37,25,12,3,1,4,3,1,12,8,4,1,1,4,3,1,4,2,2,0
2,3,4,4,38,15,23,21,3,4,2,4,23,9,14,13,3,4,2,4,14,5,9,8
0,2,1,2,21,2,19,7,2,1,0,2,19,1,18,7,2,1,0,2,18,1,17,6
1,4,2,2,8,2,6,2,4,2,1,2,6,1,5,2,4,2,1,2,5,1,4,1
3,1,2,2,21,14,7,2,1,2,3,2,7,4,3,1,1,2,3,2,3,2,1,0
2,0,4,1,39,15,24,7,0,4,2,1,24,9,15,4,0,4,2,1,15,6,9,2
2,4,4,2,23,9,14,5,4,4,2,2,14,5,9,3,4,4,2,2,9,3,6,2
1,3,4,4,34,10,24,22,3,4,1,4,24,7,17,16,3,4,1,4,17,5,12,11
0,3,3,4,18,1,17,16,3,3,0,4,17,1,16,15,3,3,0,4,16,1,15,14
4,0,0,3,20,19,1,0,0,0,4,3,1,0,1,0,0,0,4,3,1,0,1,0
3,1,1,4,23,16,7,6,1,1,3,4,7,4,3,2,1,1,3,4,3,2,1,0
0,0,4,0,34,3,31,3,0,4,0,0,31,3,28,2,0,4,0,0,28,2,26,2
2,2,4,4,37,14,23,21,2,4,2,4,23,9,14,13,2,4,2,4,14,5,9,8
4,2,1,4,11,10,1,0,2,1,4,4,1,0,1,0,2,1,4,4,1,0,1,0
3,3,1,3,7,4,3,2,3,1,3,3,3,2,1,0,3,1,3,3,1,0,1,0
2,2,1,1,9,3,6,1,2,1,2,1,6,2,4,1,2,1,2,1,4,1,3,0
1,1,1,3,28,8,20,13,1,1,1,3,20,5,15,10,1,1,1,3,15,4,11,7
1,0,3,4,38,11,27,25,0,3,1,4,27,8,19,18,0,3,1,4,19,5,14,13
0,3,4,0,2,0,2,0,3,4,0,0,2,0,2,0,3,4,0,0,2,0,2,0
0,2,0,0,17,1,16,1,2,0,0,0,16,1,15,1,2,0,0,0,15,1,14,1
4,4,1,1,8,7,1,0,4,1,4,1,1,0,1,0,4,1,4,1,1,0,1,0
1,2,0,2,6,1,5,2,2,0,1,2,5,1,4,1,2,0,1,2,4,1,3,1
0,0,4,0,21,2,19,1,0,4,0,0,19,1,18,1,0,4,0,0,18,1,17,1
2,1,4,1,25,9,16,4,1,4,2,1,16,6,10,3,1,4,2,1,10,4,6,1
3,1,1,3,38,26,12,8,1,1,3,3,12,8,4,2,1,1,3,3,4,2,2,1
2,2,3,3,10,3,7,4,2,3,2,3,7,2,5,3,2,3,2,3,5,1,4,2
3,4,1,4,8,5,3,2,4,1,3,4,3,2,1,0,4,1,3,4,1,0,1,0
2,0,3,4,27,10,17,16,0,3,2,4,17,6,11,10,0,3,2,4,11,4,7,6
2,4,3,3,8,3,5,3,4,3,2,3,5,1,4,2,4,3,2,3,4,1,3,2
4,4,0,3,2,1,1,0,4,0,4,3,1,0,1,0,4,0,4,3,1,0,1,0
3,0,3,1,33,23,10,2,0,3,3,1,10,7,3,0,0,3,3,1,3,2,1,0
3,1,0,4,9,6,3,2,1,0,3,4,3,2,1,0,1,0,3,4,1,0,1,0
0,2,3,4,27,2,25,23,2,3,0,4,25,2,23,21,2,3,0,4,23,2,21,19
0,4,1,0,13,1,12,1,4,1,0,0,12,1,11,1,4,1,0,0,11,1,10,0
1,4,3,0,14,4,10,1,4,3,1,0,10,3,7,0,4,3,1,0,7,2,5,0
0,3,1,4,3,0,3,2,3,1,0,4,3,0,3,2,3,1,0,4,3,0,3,2
2,0,4,2,36,14,22,8,0,4,2,2,22,8,14,5,0,4,2,2,14,5,9,3
4,1,4,0,23,21,2,0,1,4,4,0,2,1,1,0,1,4,4,0,1,0,1,0
0,4,1,0,3,0,3,0,4,1,0,0,3,0,3,0,4,1,0,0,3,0,3,0
2,0,1,0,23,9,14,1,0,1,2,0,14,5,9,0,0,1,2,0,9,3,6,0
3,0,1,2,22,15,7,2,0,1,3,2,7,4,3,1,0,1,3,2,3,2,1,0
0,4,3,3,13,1,12,8,4,3,0,3,12,1,11,7,4,3,0,3,11,1,10,7
1,1,2,4,12,3,9,8,1,2,1,4,9,2,7,6,1,2,1,4,7,2,5,4
1,3,0,4,1,0,1,0,3,0,1,4,1,0,1,0,3,0,1,4,1,0,1,0
1,1,3,1,29,8,21,6,1,3,1,1,21,6,15,4,1,3,1,1,15,4,11,3
4,1,0,1,7,6,1,0,1,0,4,1,1,0,1,0,1,0,4,1,1,0,1,0
0,4,1,1,1,0,1,0,4,1,0,1,1,0,1,0,4,1,0,1,1,0,1,0
1,4,4,1,15,4,11,3,4,4,1,1,11,3,8,2,4,4,1,1,8,2,6,1
0,2,1,4,7,0,7,6,2,1,0,4,7,0,7,6,2,1,0,4,7,0,7,6
1,3,3,4,9,2,7,6,3,3,1,4,7,2,5,4,3,3,1,4,5,1,4,3
3,1,2,1,35,24,11,3,1,2,3,1,11,7,4,1,1,2,3,1,4,2,2,0
0,1,1,3,1,0,1,0,1,1,0,3,1,0,1,0,1,1,0,3,1,0,1,0
2,0,2,1,29,11,18,5,0,2,2,1,18,7,11,3,0,2,2,1,11,4,7,2
3,4,0,1,14,9,5,1,4,0,3,1,5,3,2,0,4,0,3,1,2,1,1,0
1,4,2,4,9,2,7,6,4,2,1,4,7,2,5,4,4,2,1,4,5,1,4,3
1,3,1,0,7,2,5,0,3,1,1,0,5,1,4,0,3,1,1,0,4,1,3,0
4,0,1,4,18,17,1,0,0,1,4,4,1,0,1,0,0,1,4,4,1,0,1,0
0,2,2,4,12,1,11,10,2,2,0,4,11,1,10,9,2,2,0,4,10,1,9,8
0,1,2,4,16,1,15,14,1,2,0,4,15,1,14,13,1,2,0,4,14,1,13,12
0,1,4,2,29,2,27,10,1,4,0,2,27,2,25,9,1,4,0,2,25,2,23,9
0,4,3,0,15,1,14,1,4,3,0,0,14,1,13,1,4,3,0,0,13,1,12,1
3,0,2,2,29,20,9,3,0,2,3,2,9,6,3,1,0,2,3,2,3,2,1,0
4,3,0,4,10,9,1,0,3,0,4,4,1,0,1,0,3,0,4,4,1,0,1,0
3,1,2,2,16,11,5,1,1,2,3,2,5,3,2,0,1,2,3,2,2,1,1,0
1,3,0,3,16,4,12,8,3,0,1,3,12,3,9,6,3,0,1,3,9,2,7,4
2,1,1,1,22,8,14,4,1,1,2,1,14,5,9,2,1,1,2,1,9,3,6,1
2,0,2,1,21,8,13,3,0,2,2,1,13,5,8,2,0,2,2,1,8,3,5,1
3,1,3,3,34,23,11,7,1,3,3,3,11,7,4,2,1,3,3,3,4,2,2,1
0,3,1,3,10,1,9,6,3,1,0,3,9,0,9,6,3,1,0,3,9,0,9,6
1,0,1,4,14,4,10,9,0,1,1,4,10,3,7,6,0,1,1,4,7,2,5,4
0,3,3,4,22,2,20,19,3,3,0,4,20,1,19,18,3,3,0,4,19,1,18,17
3,4,1,0,13,9,4,0,4,1,3,0,4,2,2,0,4,1,3,0,2,1,1,0
2,0,2,0,20,7,13,1,0,2,2,0,13,5,8,0,0,2,2,0,8,3,5,0
2,2,0,0,9,3,6,0,2,0,2,0,6,2,4,0,2,0,2,0,4,1,3,0
3,1,1,1,23,16,7,2,1,1,3,1,7,4,3,0,1,1,3,1,3,2,1,0
2,0,1,4,31,12,19,18,0,1,2,4,19,7,12,11,0,1,2,4,12,4,8,7
3,3,3,4,29,20,9,8,3,3,3,4,9,6,3,2,3,3,3,4,3,2,1,0
2,1,4,2,29,11,18,7,1,4,2,2,18,7,11,4,1,4,2,2,11,4,7,2
3,2,4,3,29,20,9,6,2,4,3,3,9,6,3,2,2,4,3,3,3,2,1,0
1,0,4,1,33,9,24,7,0,4,1,1,24,7,17,5,0,4,1,1,17,5,12,3
0,1,1,2,16,1,15,6,1,1,0,2,15,1,14,5,1,1,0,2,14,1,13,5
3,1,4,3,34,23,11,7,1,4,3,3,11,7,4,2,1,4,3,3,4,2,2,1
2,1,2,1,24,9,15,4,1,2,2,1,15,6,9,2,1,2,2,1,9,3,6,1
3,1,1,3,18,12,6,4,1,1,3,3,6,4,2,1,1,1,3,3,2,1,1,0
0,0,1,3,15,1,14,9,0,1,0,3,14,1,13,9,0,1,0,3,13,1,12,8
0,3,0,2,1,0,1,0,3,0,0,2,1,0,1,0,3,0,0,2,1,0,1,0
4,0,1,0,28,26,2,0,0,1,4,0,2,1,1,0,0,1,4,0,1,0,1,0
4,4,4,1,4,3,1,0,4,4,4,1,1,0,1,0,4,4,4,1,1,0,1,0
2,3,0,0,21,8,13,1,3,0,2,0,13,5,8,0,3,0,2,0,8,3,5,0
2,2,2,0,16,6,10,1,2,2,2,0,10,3,7,0,2,2,2,0,7,2,5,0
1,1,2,4,38,11,27,25,1,2,1,4,27,8,19,18,1,2,1,4,19,5,14,13
2,0,0,4,22,8,14,13,0,0,2,4,14,5,9,8,0,0,2,4,9,3,6,5
4,3,3,0,29,27,2,0,3,3,4,0,2,1,1,0,3,3,4,0,1,0,1,0
0,4,4,1,18,1,17,5,4,4,0,1,17,1,16,4,4,4,0,1,16,1,15,4
3,2,2,4,15,10,5,4,2,2,3,4,5,3,2,1,2,2,3,4,2,1,1,0
0,2,4,3,15,1,14,9,2,4,0,3,14,1,13,9,2,4,0,3,13,1,12,8
3,0,0,3,14,9,5,3,0,0,3,3,5,3,2,1,0,0,3,3,2,1,1,0
3,1,4,3,22,15,7,4,1,4,3,3,7,4,3,2,1,4,3,3,3,2,1,0
4,4,4,0,7,6,1,0,4,4,4,0,1,0,1,0,4,4,4,0,1,0,1,0
0,3,0,3,7,0,7,4,3,0,0,3,7,0,7,4,3,0,0,3,7,0,7,4
1,3,1,4,6,1,5,4,3,1,1,4,5,1,4,3,3,1,1,4,4,1,3,2
0,1,3,3,38,3,35,24,1,3,0,3,35,3,32,22,1,3,0,3,32,3,29,20
2,0,1,0,13,5,8,0,0,1,2,0,8,3,5,0,0,1,2,0,5,2,3,0
4,2,2,4,18,17,1,0,2,2,4,4,1,0,1,0,2,2,4,4,1,0,1,0
0,1,3,2,29,2,27,10,1,3,0,2,27,2,25,10,1,3,0,2,25,2,23,9
1,4,0,4,18,5,13,12,4,0,1,4,13,3,10,9,4,0,1,4,10,3,7,6
1,0,2,2,23,6,17,6,0,2,1,2,17,5,12,4,0,2,1,2,12,3,9,3
2,2,3,3,20,8,12,8,2,3,2,3,12,4,8,5,2,3,2,3,8,3,5,3
2,1,2,0,21,8,13,1,1,2,2,0,13,5,8,0,1,2,2,0,8,3,5,0
4,0,0,1,8,7,1,0,0,0,4,1,1,0,1,0,0,0,4,1,1,0,1,0
1,3,0,4,1,0,1,0,3,0,1,4,1,0,1,0,3,0,1,4,1,0,1,0
2,1,2,1,6,2,4,1,1,2,2,1,4,1,3,0,1,2,2,1,3,1,2,0
1,2,3,1,35,10,25,7,2,3,1,1,25,7,18,5,2,3,1,1,18,5,13,3
1,4,2,4,12,3,9,8,4,2,1,4,9,2,7,6,4,2,1,4,7,2,5,4
1,4,0,4,7,2,5,4,4,0,1,4,5,1,4,3,4,0,1,4,4,1,3,2
2,3,0,1,2,0,2,0,3,0,2,1,2,0,2,0,3,0,2,1,2,0,2,0
1,1,0,0,3,0,3,0,1,0,1,0,3,0,3,0,1,0,1,0,3,0,3,0
2,1,4,0,31,12,19,1,1,4,2,0,19,7,12,1,1,4,2,0,12,4,8,0
1,1,1,3,26,7,19,13,1,1,1,3,19,5,14,9,1,1,1,3,14,4,10,7
0,1,0,1,5,0,5,1,1,0,0,1,5,0,5,1,1,0,0,1,5,0,5,1
3,1,3,0,37,25,12,1,1,3,3,0,12,8,4,0,1,3,3,0,4,2,2,0
4,3,2,4,3,2,1,0,3,2,4,4,1,0,1,0,3,2,4,4,1,0,1,0
3,2,2,2,22,15,7,2,2,2,3,2,7,4,3,1,2,2,3,2,3,2,1,0
4,2,4,4,24,22,2,1,2,4,4,4,2,1,1,0,2,4,4,4,1,0,1,0
1,3,4,2,5,1,4,1,3,4,1,2,4,1,3,1,3,4,1,2,3,0,3,1
0,2,1,4,16,1,15,14,2,1,0,4,15,1,14,13,2,1,0,4,14,1,13,12
0,1,0,4,24,2,22,20,1,0,0,4,22,2,20,18,1,0,0,4,20,2,18,17
1,1,2,2,15,4,11,4,1,2,1,2,11,3,8,3,1,2,1,2,8,2,6,2
2,3,1,4,15,6,9,8,3,1,2,4,9,3,6,5,3,1,2,4,6,2,4,3
3,4,0,1,19,13,6,1,4,0,3,1,6,4,2,0,4,0,3,1,2,1,1,0
1,0,1,2,19,5,14,5,0,1,1,2,14,4,10,4,0,1,1,2,10,2,8,3
4,4,1,4,14,13,1,0,4,1,4,4,1,0,1,0,4,1,4,4,1,0,1,0
3,3,0,0,6,4,2,0,3,0,3,0,2,1,1,0,3,0,3,0,1,0,1,0
2,1,2,3,16,6,10,7,1,2,2,3,10,3,7,4,1,2,2,3,7,2,5,3
3,1,1,2,11,7,4,1,1,1,3,2,4,2,2,0,1,1,3,2,2,1,1,0
3,0,2,0,14,9,5,0,0,2,3,0,5,3,2,0,0,2,3,0,2,1,1,0
4,4,3,4,5,4,1,0,4,3,4,4,1,0,1,0,4,3,4,4,1,0,1,0
2,4,2,2,1,0,1,0,4,2,2,2,1,0,1,0,4,2,2,2,1,0,1,0
3,3,1,4,8,5,3,2,3,1,3,4,3,2,1,0,3,1,3,4,1,0,1,0
2,4,2,3,29,11,18,12,4,2,2,3,18,7,11,7,4,2,2,3,11,4,7,4
0,0,3,0,33,3,30,3,0,3,0,0,30,2,28,2,0,3,0,0,28,2,26,2
4,3,2,1,29,27,2,0,3,2,4,1,2,1,1,0,3,2,4,1,1,0,1,0
2,2,4,3,28,11,17,11,2,4,2,3,17,6,11,7,2,4,2,3,11,4,7,4
1,0,2,4,25,7,18,17,0,2,1,4,18,5,13,12,0,2,1,4,13,3,10,9
1,3,0,3,37,11,26,18,3,0,1,3,26,7,19,13,3,0,1,3,19,5,14,9
3,4,2,4,19,13,6,5,4,2,3,4,6,4,2,1,4,2,3,4,2,1,1,0
2,4,0,1,8,3,5,1,4,0,2,1,5,2,3,0,4,0,2,1,3,1,2,0
1,4,0,4,11,3,8,7,4,0,1,4,8,2,6,5,4,0,1,4,6,1,5,4
1,0,3,4,33,9,24,22,0,3,1,4,24,7,17,16,0,3,1,4,17,5,12,11
0,2,0,1,18,1,17,5,2,0,0,1,17,1,16,4,2,0,0,1,16,1,15,4
2,2,1,2,7,2,5,1,2,1,2,2,5,2,3,1,2,1,2,2,3,1,2,0
1,3,3,3,18,5,13,9,3,3,1,3,13,3,10,6,3,3,1,3,10,2,8,5
0,2,2,3,17,1,16,11,2,2,0,3,16,1,15,10,2,2,0,3,15,1,14,9
3,2,2,2,15,10,5,2,2,2,3,2,5,3,2,0,2,2,3,2,2,1,1,0
2,3,2,4,26,10,16,15,3,2,2,4,16,6,10,9,3,2,2,4,10,4,6,5
2,3,0,0,17,6,11,1,3,0,2,0,11,4,7,0,3,0,2,0,7,2,5,0
3,3,0,3,1,0,1,0,3,0,3,3,1,0,1,0,3,0,3,3,1,0,1,0
2,3,4,2,9,3,6,2,3,4,2,2,6,2,4,1,3,4,2,2,4,1,3,1
2,1,4,2,26,10,16,6,1,4,2,2,16,6,10,3,1,4,2,2,10,3,7,2
0,1,3,2,37,3,34,13,1,3,0,2,34,3,31,12,1,3,0,2,31,3,28,11
2,1,2,3,27,10,17,11,1,2,2,3,17,6,11,7,1,2,2,3,11,4,7,4
2,3,0,4,0,0,0,0,3,0,2,4,0,0,0,0,3,0,2,4,0,0,0,0
1,3,0,2,4,1,3,1,3,0,1,2,3,0,3,1,3,0,1,2,3,0,3,1
1,3,4,2,19,5,14,5,3,4,1,2,14,4,10,3,3,4,1,2,10,2,8,3
2,4,1,3,21,8,13,9,4,1,2,3,13,5,8,5,4,1,2,3,8,3,5,3
4,1,3,3,23,21,2,1,1,3,4,3,2,1,1,0,1,3,4,3,1,0,1,0
0,4,3,3,10,1,9,6,4,3,0,3,9,0,9,6,4,3,0,3,9,0,9,6
1,0,1,2,21,6,15,5,0,1,1,2,15,4,11,4,0,1,1,2,11,3,8,3
2,3,1,2,22,8,14,5,3,1,2,2,14,5,9,3,3,1,2,2,9,3,6,2
3,1,2,2,27,18,9,3,1,2,3,2,9,6,3,1,1,2,3,2,3,2,1,0
0,3,1,3,4,0,4,2,3,1,0,3,4,0,4,2,3,1,0,3,4,0,4,2
4,0,1,2,9,8,1,0,0,1,4,2,1,0,1,0,0,1,4,2,1,0,1,0
4,4,1,4,2,1,1,0,4,1,4,4,1,0,1,0,4,1,4,4,1,0,1,0
3,3,2,2,3,2,1,0,3,2,3,2,1,0,1,0,3,2,3,2,1,0,1,0
3,4,2,4,21,14,7,6,4,2,3,4,7,4,3,2,4,2,3,4,3,2,1,0
3,1,3,1,30,20,10,2,1,3,3,1,10,7,3,0,1,3,3,1,3,2,1,0
1,4,2,4,11,3,8,7,4,2,1,4,8,2,6,5,4,2,1,4,6,1,5,4
3,4,0,0,11,7,4,0,4,0,3,0,4,2,2,0,4,0,3,0,2,1,1,0
1,3,2,1,15,4,11,3,3,2,1,1,11,3,8,2,3,2,1,1,8,2,6,1
4,1,1,3,33,31,2,1,1,1,4,3,2,1,1,0,1,1,4,3,1,0,1,0
3,3,4,2,30,21,9,3,3,4,3,2,9,6,3,1,3,4,3,2,3,2,1,0
4,2,4,3,29,27,2,1,2,4,4,3,2,1,1,0,2,4,4,3,1,0,1,0
1,2,2,1,15,4,11,3,2,2,1,1,11,3,8,2,2,2,1,1,8,2,6,1
3,3,3,0,5,3,2,0,3,3,3,0,2,1,1,0,3,3,3,0,1,0,1,0
3,1,0,0,19,13,6,0,1,0,3,0,6,4,2,0,1,0,3,0,2,1,1,0
0,3,3,2,30,3,27,10,3,3,0,2,27,2,25,9,3,3,0,2,25,2,23,9
2,2,1,3,25,10,15,10,2,1,2,3,15,5,10,7,2,1,2,3,10,4,6,4
4,1,2,3,18,17,1,0,1,2,4,3,1,0,1,0,1,2,4,3,1,0,1,0
1,3,2,0,26,7,19,1,3,2,1,0,19,5,14,1,3,2,1,0,14,4,10,1
2,4,3,3,0,0,0,0,4,3,2,3,0,0,0,0,4,3,2,3,0,0,0,0
3,4,1,3,5,3,2,1,4,1,3,3,2,1,1,0,4,1,3,3,1,0,1,0
2,0,2,3,34,13,21,14,0,2,2,3,21,8,13,9,0,2,2,3,13,5,8,5
4,3,1,0,10,9,1,0,3,1,4,0,1,0,1,0,3,1,4,0,1,0,1,0
3,3,4,4,17,11,6,5,3,4,3,4,6,4,2,1,3,4,3,4,2,1,1,0
0,2,4,4,20,1,19,18,2,4,0,4,19,1,18,17,2,4,0,4,18,1,17,16
1,4,0,4,2,0,2,1,4,0,1,4,2,0,2,1,4,0,1,4,2,0,2,1
3,4,0,4,6,4,2,1,4,0,3,4,2,1,1,0,4,0,3,4,1,0,1,0
1,1,0,2,9,2,7,2,1,0,1,2,7,2,5,2,1,0,1,2,5,1,4,1
1,4,1,2,0,0,0,0,4,1,1,2,0,0,0,0,4,1,1,2,0,0,0,0
1,2,2,2,15,4,11,4,2,2,1,2,11,3,8,3,2,2,1,2,8,2,6,2
3,0,3,2,15,10,5,1,0,3,3,2,5,3,2,0,0,3,3,2,2,1,1,0
2,0,0,2,5,2,3,1,0,0,2,2,3,1,2,0,0,0,2,2,2,0,2,0
4,4,4,1,9,8,1,0,4,4,4,1,1,0,1,0,4,4,4,1,1,0,1,0
0,1,3,1,20,1,19,5,1,3,0,1,19,1,18,5,1,3,0,1,18,1,17,5
1,1,0,4,4,1,3,2,1,0,1,4,3,0,3,2,1,0,1,4,3,0,3,2
1,0,0,3,1,0,1,0,0,0,1,3,1,0,1,0,0,0,1,3,1,0,1,0
4,3,0,0,3,2,1,0,3,0,4,0,1,0,1,0,3,0,4,0,1,0,1,0
1,2,4,3,38,11,27,18,2,4,1,3,27,8,19,13,2,4,1,3,19,5,14,9
2,1,3,0,38,15,23,2,1,3,2,0,23,9,14,1,1,3,2,0,14,5,9,0
2,0,1,0,27,10,17,1,0,1,2,0,17,6,11,1,0,1,2,0,11,4,7,0
1,2,4,3,27,8,19,13,2,4,1,3,19,5,14,9,2,4,1,3,14,4,10,7
0,0,3,4,38,3,35,33,0,3,0,4,35,3,32,30,0,3,0,4,32,3,29,27
1,3,3,2,31,9,22,8,3,3,1,2,22,6,16,6,3,3,1,2,16,4,12,4
0,2,0,1,2,0,2,0,2,0,0,1,2,0,2,0,2,0,0,1,2,0,2,0
1,3,2,4,12,3,9,8,3,2,1,4,9,2,7,6,3,2,1,4,7,2,5,4
0,4,2,3,7,0,7,4,4,2,0,3,7,0,7,4,4,2,0,3,7,0,7,4
1,2,3,0,34,10,24,2,2,3,1,0,24,7,17,1,2,3,1,0,17,5,12,1
1,3,1,1,14,4,10,2,3,1,1,1,10,3,7,2,3,1,1,1,7,2,5,1
4,2,0,0,3,2,1,0,2,0,4,0,1,0,1,0,2,0,4,0,1,0,1,0
3,2,1,2,12,8,4,1,2,1,3,2,4,2,2,0,2,1,3,2,2,1,1,0
0,1,2,1,14,1,13,3,1,2,0,1,13,1,12,3,1,2,0,1,12,1,11,3
1,0,1,1,35,10,25,7,0,1,1,1,25,7,18,5,0,1,1,1,18,5,13,3
1,1,4,3,11,3,8,5,1,4,1,3,8,2,6,4,1,4,1,3,6,1,5,3
4,2,4,2,34,32,2,0,2,4,4,2,2,1,1,0,2,4,4,2,1,0,1,0
1,1,4,2,29,8,21,8,1,4,1,2,21,6,15,5,1,4,1,2,15,4,11,4
4,2,1,0,12,11,1,0,2,1,4,0,1,0,1,0,2,1,4,0,1,0,1,0
3,1,1,2,10,7,3,1,1,1,3,2,3,2,1,0,1,1,3,2,1,0,1,0
4,4,3,4,19,18,1,0,4,3,4,4,1,0,1,0,4,3,4,4,1,0,1,0
0,4,4,3,10,1,9,6,4,4,0,3,9,0,9,6,4,4,0,3,9,0,9,6
2,4,2,1,3,1,2,0,4,2,2,1,2,0,2,0,4,2,2,1,2,0,2,0
1,0,0,3,5,1,4,2,0,0,1,3,4,1,3,2,0,0,1,3,3,0,3,2
3,1,2,3,34,23,11,7,1,2,3,3,11,7,4,2,1,2,3,3,4,2,2,1
0,4,4,3,2,0,2,1,4,4,0,3,2,0,2,1,4,4,0,3,2,0,2,1
1,2,2,3,15,4,11,7,2,2,1,3,11,3,8,5,2,2,1,3,8,2,6,4
0,1,3,2,30,3,27,10,1,3,0,2,27,2,25,9,1,3,0,2,25,2,23,9
4,0,2,2,12,11,1,0,0,2,4,2,1,0,1,0,0,2,4,2,1,0,1,0
3,3,2,4,13,9,4,3,3,2,3,4,4,2,2,1,3,2,3,4,2,1,1,0
0,0,2,2,39,3,36,14,0,2,0,2,36,3,33,13,0,2,0,2,33,3,30,11
4,2,3,4,27,25,2,1,2,3,4,4,2,1,1,0,2,3,4,4,1,0,1,0
3,4,0,0,4,2,2,0,4,0,3,0,2,1,1,0,4,0,3,0,1,0,1,0
4,0,3,3,23,21,2,1,0,3,4,3,2,1,1,0,0,3,4,3,1,0,1,0
0,0,1,2,9,0,9,3,0,1,0,2,9,0,9,3,0,1,0,2,9,0,9,3
2,1,4,2,38,15,23,9,1,4,2,2,23,9,14,5,1,4,2,2,14,5,9,3
0,4,4,3,8,0,8,5,4,4,0,3,8,0,8,5,4,4,0,3,8,0,8,5
3,1,4,1,36,25,11,3,1,4,3,1,11,7,4,1,1,4,3,1,4,2,2,0
0,3,1,3,4,0,4,2,3,1,0,3,4,0,4,2,3,1,0,3,4,0,4,2
0,1,3,3,34,3,31,21,1,3,0,3,31,3,28,19,1,3,0,3,28,2,26,18
1,0,3,3,35,10,25,17,0,3,1,3,25,7,18,12,0,3,1,3,18,5,13,9
0,0,1,4,20,2,18,17,0,1,0,4,18,1,17,16,0,1,0,4,17,1,16,15
1,2,4,4,6,1,5,4,2,4,1,4,5,1,4,3,2,4,1,4,4,1,3,2
3,1,1,4,10,6,4,3,1,1,3,4,4,2,2,1,1,1,3,4,2,1,1,0
0,3,1,4,9,0,9,8,3,1,0,4,9,0,9,8,3,1,0,4,9,0,9,8
1,1,2,1,12,3,9,2,1,2,1,1,9,2,7,2,1,2,1,1,7,2,5,1
1,3,2,1,12,3,9,2,3,2,1,1,9,2,7,2,3,2,1,1,7,2,5,1
1,3,1,4,12,3,9,8,3,1,1,4,9,2,7,6,3,1,1,4,7,2,5,4
2,3,3,4,8,3,5,4,3,3,2,4,5,2,3,2,3,3,2,4,3,1,2,1
1,0,1,2,9,2,7,2,0,1,1,2,7,2,5,1,0,1,1,2,5,1,4,1
0,2,0,3,1,0,1,0,2,0,0,3,1,0,1,0,2,0,0,3,1,0,1,0
1,3,4,0,26,7,19,1,3,4,1,0,19,5,14,1,3,4,1,0,14,4,10,1
1,4,2,2,15,4,11,4,4,2,1,2,11,3,8,3,4,2,1,2,8,2,6,2
1,3,0,2,27,8,19,7,3,0,1,2,19,5,14,5,3,0,1,2,14,4,10,3
1,1,1,1,12,3,9,2,1,1,1,1,9,2,7,2,1,1,1,1,7,2,5,1
0,2,1,1,4,0,4,1,2,1,0,1,4,0,4,1,2,1,0,1,4,0,4,1
0,3,4,4,32,3,29,27,3,4,0,4,29,2,27,25,3,4,0,4,27,2,25,23
2,1,4,0,19,7,12,1,1,4,2,0,12,4,8,0,1,4,2,0,8,3,5,0
1,0,0,0,10,2,8,0,0,0,1,0,8,2,6,0,0,0,1,0,6,1,5,0
1,2,4,1,34,10,24,7,2,4,1,1,24,7,17,5,2,4,1,1,17,5,12,3
0,2,3,1,15,1,14,4,2,3,0,1,14,1,13,3,2,3,0,1,13,1,12,3
2,4,0,0,14,5,9,0,4,0,2,0,9,3,6,0,4,0,2,0,6,2,4,0
1,3,3,2,17,5,12,4,3,3,1,2,12,3,9,3,3,3,1,2,9,2,7,2
3,2,3,2,22,15,7,2,2,3,3,2,7,4,3,1,2,3,3,2,3,2,1,0
2,2,3,2,23,9,14,5,2,3,2,2,14,5,9,3,2,3,2,2,9,3,6,2
4,0,2,3,25,23,2,1,0,2,4,3,2,1,1,0,0,2,4,3,1,0,1,0
0,4,1,3,13,1,12,8,4,1,0,3,12,1,11,7,4,1,0,3,11,1,10,7
1,1,0,2,13,3,10,3,1,0,1,2,10,2,8,3,1,0,1,2,8,2,6,2
4,4,3,4,17,16,1,0,4,3,4,4,1,0,1,0,4,3,4,4,1,0,1,0
0,3,1,3,24,2,22,15,3,1,0,3,22,2,20,13,3,1,0,3,20,1,19,13
4,3,0,3,0,0,0,0,3,0,4,3,0,0,0,0,3,0,4,3,0,0,0,0
1,1,4,0,36,10,26,2,1,4,1,0,26,7,19,1,1,4,1,0,19,5,14,1
1,0,1,2,20,5,15,6,0,1,1,2,15,4,11,4,0,1,1,2,11,3,8,3
1,2,2,0,32,9,23,2,2,2,1,0,23,6,17,1,2,2,1,0,17,5,12,1
2,4,2,3,16,6,10,7,4,2,2,3,10,4,6,4,4,2,2,3,6,2,4,2
1,3,0,3,16,4,12,8,3,0,1,3,12,3,9,6,3,0,1,3,9,2,7,4
4,1,3,2,13,12,1,0,1,3,4,2,1,0,1,0,1,3,4,2,1,0,1,0
0,2,0,4,10,0,10,9,2,0,0,4,10,0,10,9,2,0,0,4,10,1,9,8
3,3,2,2,15,10,5,2,3,2,3,2,5,3,2,0,3,2,3,2,2,1,1,0
4,4,4,3,15,14,1,0,4,4,4,3,1,0,1,0,4,4,4,3,1,0,1,0
1,0,0,4,9,2,7,6,0,0,1,4,7,2,5,4,0,0,1,4,5,1,4,3
4,2,3,4,31,29,2,1,2,3,4,4,2,1,1,0,2,3,4,4,1,0,1,0
2,0,0,1,12,4,8,2,0,0,2,1,8,3,5,1,0,0,2,1,5,2,3,0
0,1,1,4,31,3,28,26,1,1,0,4,28,2,26,24,1,1,0,4,26,2,24,22
0,1,3,4,16,1,15,14,1,3,0,4,15,1,14,13,1,3,0,4,14,1,13,12
1,1,3,3,32,9,23,16,1,3,1,3,23,6,17,11,1,3,1,3,17,5,12,8
1,0,3,3,23,6,17,11,0,3,1,3,17,5,12,8,0,3,1,3,12,3,9,6
3,0,2,0,16,11,5,0,0,2,3,0,5,3,2,0,0,2,3,0,2,1,1,0
3,0,2,4,21,14,7,6,0,2,3,4,7,4,3,2,0,2,3,4,3,2,1,0
2,3,0,2,10,3,7,2,3,0,2,2,7,2,5,1,3,0,2,2,5,2,3,1
1,3,3,4,22,6,16,15,3,3,1,4,16,4,12,11,3,3,1,4,12,3,9,8
3,4,4,2,10,7,3,1,4,4,3,2,3,2,1,0,4,4,3,2,1,0,1,0
2,0,1,4,10,3,7,6,0,1,2,4,7,2,5,4,0,1,2,4,5,2,3,2
0,1,0,0,22,2,20,1,1,0,0,0,20,2,18,1,1,0,0,0,18,1,17,1
1,1,2,0,20,5,15,1,1,2,1,0,15,4,11,1,1,2,1,0,11,3,8,0
0,4,1,1,6,0,6,1,4,1,0,1,6,0,6,1,4,1,0,1,6,0,6,1
4,0,2,4,37,35,2,1,0,2,4,4,2,1,1,0,0,2,4,4,1,0,1,0
3,0,0,4,3,2,1,0,0,0,3,4,1,0,1,0,0,0,3,4,1,0,1,0
3,2,2,2,17,11,6,2,2,2,3,2,6,4,2,0,2,2,3,2,2,1,1,0
4,3,0,3,14,13,1,0,3,0,4,3,1,0,1,0,3,0,4,3,1,0,1,0
3,0,0,0,8,5,3,0,0,0,3,0,3,2,1,0,0,0,3,0,1,0,1,0
2,4,1,3,5,2,3,2,4,1,2,3,3,1,2,1,4,1,2,3,2,0,2,1
4,1,4,4,17,16,1,0,1,4,4,4,1,0,1,0,1,4,4,4,1,0,1,0
4,3,0,2,12,11,1,0,3,0,4,2,1,0,1,0,3,0,4,2,1,0,1,0
0,1,2,0,30,2,28,2,1,2,0,0,28,2,26,2,1,2,0,0,26,2,24,2
3,3,1,1,9,6,3,0,3,1,3,1,3,2,1,0,3,1,3,1,1,0,1,0
0,2,3,1,15,1,14,4,2,3,0,1,14,1,13,3,2,3,0,1,13,1,12,3
4,0,0,1,10,9,1,0,0,0,4,1,1,0,1,0,0,0,4,1,1,0,1,0
2,1,4,3,33,13,20,14,1,4,2,3,20,8,12,8,1,4,2,3,12,4,8,5
1,3,1,4,3,0,3,2,3,1,1,4,3,0,3,2,3,1,1,4,3,0,3,2
3,0,0,2,17,11,6,2,0,0,3,2,6,4,2,0,0,0,3,2,2,1,1,0
3,1,3,1,26,18,8,2,1,3,3,1,8,5,3,0,1,3,3,1,3,2,1,0
0,3,3,0,24,2,22,2,3,3,0,0,22,2,20,2,3,3,0,0,20,1,19,1
2,2,3,2,22,8,14,5,2,3,2,2,14,5,9,3,2,3,2,2,9,3,6,2
0,2,3,4,21,2,19,18,2,3,0,4,19,1,18,17,2,3,0,4,18,1,17,16
4,1,4,0,37,35,2,0,1,4,4,0,2,1,1,0,1,4,4,0,1,0,1,0
2,2,0,0,22,8,14,1,2,0,2,0,14,5,9,0,2,0,2,0,9,3,6,0
1,4,2,0,12,3,9,0,4,2,1,0,9,2,7,0,4,2,1,0,7,2,5,0
4,3,4,0,12,11,1,0,3,4,4,0,1,0,1,0,3,4,4,0,1,0,1,0
2,3,1,4,20,8,12,11,3,1,2,4,12,4,8,7,3,1,2,4,8,3,5,4
4,3,0,1,15,14,1,0,3,0,4,1,1,0,1,0,3,0,4,1,1,0,1,0
3,4,3,4,15,10,5,4,4,3,3,4,5,3,2,1,4,3,3,4,2,1,1,0
1,2,0,0,10,3,7,0,2,0,1,0,7,2,5,0,2,0,1,0,5,1,4,0
2,4,0,3,1,0,1,0,4,0,2,3,1,0,1,0,4,0,2,3,1,0,1,0
0,1,3,1,23,2,21,6,1,3,0,1,21,2,19,5,1,3,0,1,19,1,18,5
0,1,1,1,2,0,2,0,1,1,0,1,2,0,2,0,1,1,0,1,2,0,2,0
1,3,1,3,6,1,5,3,3,1,1,3,5,1,4,2,3,1,1,3,4,1,3,2
1,3,4,1,33,9,24,7,3,4,1,1,24,7,17,5,3,4,1,1,17,5,12,3
3,0,4,0,33,23,10,0,0,4,3,0,10,7,3,0,0,4,3,0,3,2,1,0
2,3,4,3,1,0,1,0,3,4,2,3,1,0,1,0,3,4,2,3,1,0,1,0
3,1,3,0,36,25,11,1,1,3,3,0,11,7,4,0,1,3,3,0,4,2,2,0
0,1,2,4,5,0,5,4,1,2,0,4,5,0,5,4,1,2,0,4,5,0,5,4
3,4,3,0,20,14,6,0,4,3,3,0,6,4,2,0,4,3,3,0,2,1,1,0
0,0,3,3,30,2,28,19,0,3,0,3,28,2,26,18,0,3,0,3,26,2,24,16
2,0,2,4,36,14,22,20,0,2,2,4,22,8,14,13,0,2,2,4,14,5,9,8
0,3,2,2,10,1,9,3,3,2,0,2,9,0,9,3,3,2,0,2,9,0,9,3
0,2,3,4,21,2,19,18,2,3,0,4,19,1,18,17,2,3,0,4,18,1,17,16
4,2,0,0,4,3,1,0,2,0,4,0,1,0,1,0,2,0,4,0,1,0,1,0
3,3,1,0,24,16,8,0,3,1,3,0,8,5,3,0,3,1,3,0,3,2,1,0
4,2,1,2,4,3,1,0,2,1,4,2,1,0,1,0,2,1,4,2,1,0,1,0
2,4,2,1,24,9,15,4,4,2,2,1,15,5,10,2,4,2,2,1,10,3,7,2
0,4,3,2,11,1,10,4,4,3,0,2,10,1,9,3,4,3,0,2,9,0,9,3
0,2,4,2,30,2,28,11,2,4,0,2,28,2,26,10,2,4,0,2,26,2,24,9
2,1,2,0,29,11,18,1,1,2,2,0,18,7,11,1,1,2,2,0,11,4,7,0
4,3,3,0,12,11,1,0,3,3,4,0,1,0,1,0,3,3,4,0,1,0,1,0
2,4,2,1,8,3,5,1,4,2,2,1,5,2,3,0,4,2,2,1,3,1,2,0
4,3,0,0,24,22,2,0,3,0,4,0,2,1,1,0,3,0,4,0,1,0,1,0
4,1,2,4,21,19,2,1,1,2,4,4,2,1,1,0,1,2,4,4,1,0,1,0
4,4,4,4,18,17,1,0,4,4,4,4,1,0,1,0,4,4,4,4,1,0,1,0
1,2,0,2,11,3,8,3,2,0,1,2,8,2,6,2,2,0,1,2,6,1,5,2
3,4,2,3,2,1,1,0,4,2,3,3,1,0,1,0,4,2,3,3,1,0,1,0
4,2,3,1,14,13,1,0,2,3,4,1,1,0,1,0,2,3,4,1,1,0,1,0
2,2,1,1,5,1,4,1,2,1,2,1,4,1,3,0,2,1,2,1,3,1,2,0
0,2,1,0,0,0,0,0,2,1,0,0,0,0,0,0,2,1,0,0,0,0,0,0
0,4,0,1,12,1,11,3,4,0,0,1,11,1,10,2,4,0,0,1,10,0,10,3
3,4,3,1,9,6,3,0,4,3,3,1,3,2,1,0,4,3,3,1,1,0,1,0
0,1,1,1,23,2,21,6,1,1,0,1,21,2,19,5,1,1,0,1,19,1,18,5
0,4,0,3,2,0,2,1,4,0,0,3,2,0,2,1,4,0,0,3,2,0,2,1
3,1,0,1,14,9,5,1,1,0,3,1,5,3,2,0,1,0,3,1,2,1,1,0
0,4,2,4,10,1,9,8,4,2,0,4,9,0,9,8,4,2,0,4,9,0,9,8
0,2,2,1,6,0,6,1,2,2,0,1,6,0,6,1,2,2,0,1,6,0,6,1
4,4,3,3,18,17,1,0,4,3,4,3,1,0,1,0,4,3,4,3,1,0,1,0
4,0,2,0,19,18,1,0,0,2,4,0,1,0,1,0,0,2,4,0,1,0,1,0
2,3,4,1,10,4,6,1,3,4,2,1,6,2,4,1,3,4,2,1,4,1,3,0
3,3,4,1,28,19,9,2,3,4,3,1,9,6,3,0,3,4,3,1,3,2,1,0
4,2,2,1,15,14,1,0,2,2,4,1,1,0,1,0,2,2,4,1,1,0,1,0
1,2,2,3,3,0,3,2,2,2,1,3,3,0,3,2,2,2,1,3,3,0,3,2
2,2,4,2,37,14,23,9,2,4,2,2,23,9,14,5,2,4,2,2,14,5,9,3
2,1,3,4,39,15,24,22,1,3,2,4,24,9,15,14,1,3,2,4,15,5,10,9
3,4,3,1,23,16,7,2,4,3,3,1,7,4,3,0,4,3,3,1,3,2,1,0
0,4,2,4,3,0,3,2,4,2,0,4,3,0,3,2,4,2,0,4,3,0,3,2
3,1,1,0,12,8,4,0,1,1,3,0,4,2,2,0,1,1,3,0,2,1,1,0
0,1,3,0,39,3,36,3,1,3,0,0,36,3,33,3,1,3,0,0,33,3,30,2
3,0,1,1,29,20,9,2,0,1,3,1,9,6,3,0,0,1,3,1,3,2,1,0
1,2,0,4,7,2,5,4,2,0,1,4,5,1,4,3,2,0,1,4,4,1,3,2
2,3,2,1,12,4,8,2,3,2,2,1,8,3,5,1,3,2,2,1,5,2,3,0
4,4,4,0,12,11,1,0,4,4,4,0,1,0,1,0,4,4,4,0,1,0,1,0
2,3,1,2,17,6,11,4,3,1,2,2,11,4,7,2,3,1,2,2,7,2,5,1
3,1,1,4,7,4,3,2,1,1,3,4,3,2,1,0,1,1,3,4,1,0,1,0
2,2,1,1,19,7,12,3,2,1,2,1,12,4,8,2,2,1,2,1,8,3,5,1
1,3,1,2,7,2,5,2,3,1,1,2,5,1,4,1,3,1,1,2,4,1,3,1
0,0,0,3,14,1,13,9,0,0,0,3,13,1,12,8,0,0,0,3,12,1,11,7
2,3,2,4,10,3,7,6,3,2,2,4,7,2,5,4,3,2,2,4,5,1,4,3
4,3,3,4,20,18,2,1,3,3,4,4,2,1,1,0,3,3,4,4,1,0,1,0
0,0,2,2,0,0,0,0,0,2,0,2,0,0,0,0,0,2,0,2,0,0,0,0
4,0,4,2,30,28,2,0,0,4,4,2,2,1,1,0,0,4,4,2,1,0,1,0
2,0,3,0,37,14,23,2,0,3,2,0,23,9,14,1,0,3,2,0,14,5,9,0
4,4,3,0,3,2,1,0,4,3,4,0,1,0,1,0,4,3,4,0,1,0,1,0
2,2,0,3,14,5,9,6,2,0,2,3,9,3,6,4,2,0,2,3,6,2,4,2
2,0,0,0,2,0,2,0,0,0,2,0,2,0,2,0,0,0,2,0,2,0,2,0
0,4,1,1,24,2,22,6,4,1,0,1,22,2,20,5,4,1,0,1,20,2,18,5
2,4,0,3,11,4,7,4,4,0,2,3,7,2,5,3,4,0,2,3,5,1,4,2
0,2,1,4,21,2,19,18,2,1,0,4,19,1,18,17,2,1,0,4,18,1,17,16
1,3,4,4,35,10,25,23,3,4,1,4,25,7,18,17,3,4,1,4,18,5,13,12
2,1,4,2,33,13,20,8,1,4,2,2,20,8,12,4,1,4,2,2,12,4,8,3
2,3,2,0,15,6,9,0,3,2,2,0,9,3,6,0,3,2,2,0,6,2,4,0
1,0,4,3,39,11,28,19,0,4,1,3,28,8,20,14,0,4,1,3,20,6,14,9
2,0,2,3,38,15,23,16,0,2,2,3,23,9,14,9,0,2,2,3,14,5,9,6
3,3,1,0,24,16,8,0,3,1,3,0,8,5,3,0,3,1,3,0,3,2,1,0
0,1,4,2,28,2,26,10,1,4,0,2,26,2,24,9,1,4,0,2,24,2,22,8
1,0,1,0,21,6,15,1,0,1,1,0,15,4,11,1,0,1,1,0,11,3,8,0
2,4,3,1,6,2,4,1,4,3,2,1,4,1,3,0,4,3,2,1,3,1,2,0
2,1,3,3,23,9,14,9,1,3,2,3,14,5,9,6,1,3,2,3,9,3,6,4
2,1,1,3,5,2,3,2,1,1,2,3,3,1,2,1,1,1,2,3,2,0,2,1
3,0,1,4,12,8,4,3,0,1,3,4,4,2,2,1,0,1,3,4,2,1,1,0
3,2,1,3,11,7,4,2,2,1,3,3,4,2,2,1,2,1,3,3,2,1,1,0
0,4,0,0,13,1,12,1,4,0,0,0,12,1,11,1,4,0,0,0,11,1,10,0
0,0,0,4,15,1,14,13,0,0,0,4,14,1,13,12,0,0,0,4,13,1,12,11
3,0,3,0,10,7,3,0,0,3,3,0,3,2,1,0,0,3,3,0,1,0,1,0
1,2,1,2,0,0,0,0,2,1,1,2,0,0,0,0,2,1,1,2,0,0,0,0
4,1,0,0,11,10,1,0,1,0,4,0,1,0,1,0,1,0,4,0,1,0,1,0
2,2,2,0,16,6,10,1,2,2,2,0,10,4,6,0,2,2,2,0,6,2,4,0
4,0,4,4,29,27,2,1,0,4,4,4,2,1,1,0,0,4,4,4,1,0,1,0
4,4,3,2,6,5,1,0,4,3,4,2,1,0,1,0,4,3,4,2,1,0,1,0
2,2,3,0,24,9,15,1,2,3,2,0,15,6,9,0,2,3,2,0,9,3,6,0
0,1,3,3,29,2,27,18,1,3,0,3,27,2,25,17,1,3,0,3,25,2,23,16
1,3,3,2,12,3,9,3,3,3,1,2,9,2,7,2,3,3,1,2,7,2,5,1
4,3,1,1,17,16,1,0,3,1,4,1,1,0,1,0,3,1,4,1,1,0,1,0
1,0,0,4,26,7,19,18,0,0,1,4,19,5,14,13,0,0,1,4,14,4,10,9
4,1,0,1,14,13,1,0,1,0,4,1,1,0,1,0,1,0,4,1,1,0,1,0
0,0,2,1,34,3,31,9,0,2,0,1,31,3,28,8,0,2,0,1,28,2,26,7
4,4,4,1,25,23,2,0,4,4,4,1,2,1,1,0,4,4,4,1,1,0,1,0
1,0,0,3,13,3,10,7,0,0,1,3,10,3,7,4,0,0,1,3,7,2,5,3
2,3,0,1,4,1,3,0,3,0,2,1,3,1,2,0,3,0,2,1,2,0,2,0
1,3,2,4,2,0,2,1,3,2,1,4,2,0,2,1,3,2,1,4,2,0,2,1
0,3,3,3,18,1,17,11,3,3,0,3,17,1,16,11,3,3,0,3,16,1,15,10
4,3,0,3,5,4,1,0,3,0,4,3,1,0,1,0,3,0,4,3,1,0,1,0
4,0,3,4,29,27,2,1,0,3,4,4,2,1,1,0,0,3,4,4,1,0,1,0
1,0,3,4,37,11,26,24,0,3,1,4,26,7,19,18,0,3,1,4,19,5,14,13
3,4,4,3,1,0,1,0,4,4,3,3,1,0,1,0,4,4,3,3,1,0,1,0
1,4,1,0,15,4,11,1,4,1,1,0,11,3,8,0,4,1,1,0,8,2,6,0
3,0,1,2,10,7,3,1,0,1,3,2,3,2,1,0,0,1,3,2,1,0,1,0
4,4,1,1,5,4,1,0,4,1,4,1,1,0,1,0,4,1,4,1,1,0,1,0
2,3,2,4,9,3,6,5,3,2,2,4,6,2,4,3,3,2,2,4,4,1,3,2
2,4,3,0,4,1,3,0,4,3,2,0,3,1,2,0,4,3,2,0,2,0,2,0
1,4,2,2,7,2,5,2,4,2,1,2,5,1,4,1,4,2,1,2,4,1,3,1
1,3,4,3,6,1,5,3,3,4,1,3,5,1,4,2,3,4,1,3,4,1,3,2
2,2,0,0,17,6,11,1,2,0,2,0,11,4,7,0,2,0,2,0,7,2,5,0
1,0,3,4,39,11,28,26,0,3,1,4,28,8,20,19,0,3,1,4,20,6,14,13
3,3,0,1,11,7,4,1,3,0,3,1,4,2,2,0,3,0,3,1,2,1,1,0
3,2,0,2,5,3,2,0,2,0,3,2,2,1,1,0,2,0,3,2,1,0,1,0
0,0,4,2,36,3,33,13,0,4,0,2,33,3,30,12,0,4,0,2,30,2,28,11
0,1,2,3,36,3,33,23,1,2,0,3,33,3,30,20,1,2,0,3,30,3,27,18
3,3,4,2,23,16,7,2,3,4,3,2,7,4,3,1,3,4,3,2,3,2,1,0
1,2,1,4,14,4,10,9,2,1,1,4,10,3,7,6,2,1,1,4,7,2,5,4
3,2,1,3,7,4,3,2,2,1,3,3,3,2,1,0,2,1,3,3,1,0,1,0
2,3,2,3,4,1,3,2,3,2,2,3,3,1,2,1,3,2,2,3,2,0,2,1
4,0,2,3,19,18,1,0,0,2,4,3,1,0,1,0,0,2,4,3,1,0,1,0
4,2,1,0,10,9,1,0,2,1,4,0,1,0,1,0,2,1,4,0,1,0,1,0
1,4,3,0,22,6,16,1,4,3,1,0,16,4,12,1,4,3,1,0,12,3,9,0
0,4,0,2,13,1,12,4,4,0,0,2,12,1,11,4,4,0,0,2,11,1,10,3
3,3,1,3,15,10,5,3,3,1,3,3,5,3,2,1,3,1,3,3,2,1,1,0
2,2,1,0,10,3,7,0,2,1,2,0,7,2,5,0,2,1,2,0,5,2,3,0
3,2,4,3,34,23,11,7,2,4,3,3,11,7,4,2,2,4,3,3,4,2,2,1
0,1,1,3,25,2,23,16,1,1,0,3,23,2,21,14,1,1,0,3,21,2,19,13
3,1,0,0,28,19,9,0,1,0,3,0,9,6,3,0,1,0,3,0,3,2,1,0
0,3,2,0,28,2,26,2,3,2,0,0,26,2,24,2,3,2,0,0,24,2,22,2
0,3,2,4,24,2,22,20,3,2,0,4,22,2,20,18,3,2,0,4,20,2,18,17
2,1,0,1,19,7,12,3,1,0,2,1,12,4,8,2,1,0,2,1,8,3,5,1
1,4,4,1,17,5,12,3,4,4,1,1,12,3,9,2,4,4,1,1,9,2,7,2
3,4,4,4,26,18,8,7,4,4,3,4,8,5,3,2,4,4,3,4,3,2,1,0
1,3,3,2,19,5,14,5,3,3,1,2,14,4,10,3,3,3,1,2,10,3,7,2
2,2,0,0,10,4,6,0,2,0,2,0,6,2,4,0,2,0,2,0,4,1,3,0
0,0,4,3,24,2,22,15,0,4,0,3,22,2,20,13,0,4,0,3,20,2,18,12
3,0,2,2,19,13,6,2,0,2,3,2,6,4,2,0,0,2,3,2,2,1,1,0
3,4,4,0,8,5,3,0,4,4,3,0,3,2,1,0,4,4,3,0,1,0,1,0
1,2,0,4,15,4,11,10,2,0,1,4,11,3,8,7,2,0,1,4,8,2,6,5
2,4,1,4,1,0,1,0,4,1,2,4,1,0,1,0,4,1,2,4,1,0,1,0
2,4,4,1,7,2,5,1,4,4,2,1,5,2,3,0,4,4,2,1,3,1,2,0
2,1,3,4,20,7,13,12,1,3,2,4,13,5,8,7,1,3,2,4,8,3,5,4
1,4,3,2,19,5,14,5,4,3,1,2,14,4,10,3,4,3,1,2,10,3,7,2
4,3,3,4,25,23,2,1,3,3,4,4,2,1,1,0,3,3,4,4,1,0,1,0
3,1,3,2,27,18,9,3,1,3,3,2,9,6,3,1,1,3,3,2,3,2,1,0
2,3,2,3,14,5,9,6,3,2,2,3,9,3,6,4,3,2,2,3,6,2,4,2
0,2,0,0,11,1,10,0,2,0,0,0,10,0,10,1,2,0,0,0,10,1,9,0
4,4,0,2,10,9,1,0,4,0,4,2,1,0,1,0,4,0,4,2,1,0,1,0
3,3,4,0,11,7,4,0,3,4,3,0,4,2,2,0,3,4,3,0,2,1,1,0
2,0,1,1,23,9,14,4,0,1,2,1,14,5,9,2,0,1,2,1,9,3,6,1
2,3,0,2,9,3,6,2,3,0,2,2,6,2,4,1,3,0,2,2,4,1,3,1
4,1,4,1,23,21,2,0,1,4,4,1,2,1,1,0,1,4,4,1,1,0,1,0
2,1,3,2,35,14,21,8,1,3,2,2,21,8,13,5,1,3,2,2,13,5,8,3
0,2,3,3,28,2,26,18,2,3,0,3,26,2,24,16,2,3,0,3,24,2,22,15
3,3,2,0,5,3,2,0,3,2,3,0,2,1,1,0,3,2,3,0,1,0,1,0
2,3,2,1,3,1,2,0,3,2,2,1,2,0,2,0,3,2,2,1,2,0,2,0
1,3,1,2,15,4,11,4,3,1,1,2,11,3,8,3,3,1,1,2,8,2,6,2
0,1,0,2,0,0,0,0,1,0,0,2,0,0,0,0,1,0,0,2,0,0,0,0
4,1,3,1,31,29,2,0,1,3,4,1,2,1,1,0,1,3,4,1,1,0,1,0
3,1,0,1,8,5,3,0,1,0,3,1,3,2,1,0,1,0,3,1,1,0,1,0
2,1,0,0,4,1,3,0,1,0,2,0,3,1,2,0,1,0,2,0,2,0,2,0
3,4,1,3,3,2,1,0,4,1,3,3,1,0,1,0,4,1,3,3,1,0,1,0
1,4,2,2,8,2,6,2,4,2,1,2,6,1,5,2,4,2,1,2,5,1,4,1
4,2,3,0,29,27,2,0,2,3,4,0,2,1,1,0,2,3,4,0,1,0,1,0
0,0,0,3,11,1,10,6,0,0,0,3,10,1,9,6,0,0,0,3,9,0,9,6
2,0,2,1,33,13,20,6,0,2,2,1,20,8,12,3,0,2,2,1,12,4,8,2
4,0,2,1,17,16,1,0,0,2,4,1,1,0,1,0,0,2,4,1,1,0,1,0
4,1,3,3,38,36,2,1,1,3,4,3,2,1,1,0,1,3,4,3,1,0,1,0
3,3,1,0,8,5,3,0,3,1,3,0,3,2,1,0,3,1,3,0,1,0,1,0
3,0,1,0,8,5,3,0,0,1,3,0,3,2,1,0,0,1,3,0,1,0,1,0
3,3,1,3,7,4,3,2,3,1,3,3,3,2,1,0,3,1,3,3,1,0,1,0
3,3,2,3,26,18,8,5,3,2,3,3,8,5,3,2,3,2,3,3,3,2,1,0
1,4,3,3,11,3,8,5,4,3,1,3,8,2,6,4,4,3,1,3,6,1,5,3
1,1,2,0,19,5,14,1,1,2,1,0,14,4,10,1,1,2,1,0,10,3,7,0
4,3,1,4,2,1,1,0,3,1,4,4,1,0,1,0,3,1,4,4,1,0,1,0
1,3,1,1,4,1,3,0,3,1,1,1,3,0,3,0,3,1,1,1,3,0,3,0
1,3,2,4,13,3,10,9,3,2,1,4,10,3,7,6,3,2,1,4,7,2,5,4
1,4,4,3,21,6,15,10,4,4,1,3,15,4,11,7,4,4,1,3,11,3,8,5
4,4,3,0,5,4,1,0,4,3,4,0,1,0,1,0,4,3,4,0,1,0,1,0
0,1,0,3,10,0,10,6,1,0,0,3,10,1,9,6,1,0,0,3,9,0,9,6
2,4,2,3,18,7,11,7,4,2,2,3,11,4,7,4,4,2,2,3,7,2,5,3
4,3,0,1,19,18,1,0,3,0,4,1,1,0,1,0,3,0,4,1,1,0,1,0
3,4,2,0,19,13,6,0,4,2,3,0,6,4,2,0,4,2,3,0,2,1,1,0
1,2,0,1,14,4,10,3,2,0,1,1,10,2,8,2,2,0,1,1,8,2,6,1
1,0,3,3,24,7,17,11,0,3,1,3,17,5,12,8,0,3,1,3,12,3,9,6
0,1,2,2,21,2,19,7,1,2,0,2,19,1,18,7,1,2,0,2,18,1,17,6
3,4,2,3,5,3,2,1,4,2,3,3,2,1,1,0,4,2,3,3,1,0,1,0
2,1,1,0,31,12,19,1,1,1,2,0,19,7,12,1,1,1,2,0,12,4,8,0
3,1,3,3,26,18,8,5,1,3,3,3,8,5,3,2,1,3,3,3,3,2,1,0
1,1,3,1,31,9,22,6,1,3,1,1,22,6,16,4,1,3,1,1,16,4,12,3
1,1,4,4,28,8,20,18,1,4,1,4,20,5,15,14,1,4,1,4,15,4,11,10
3,4,4,0,11,7,4,0,4,4,3,0,4,2,2,0,4,4,3,0,2,1,1,0
4,1,4,0,30,28,2,0,1,4,4,0,2,1,1,0,1,4,4,0,1,0,1,0
4,0,2,1,38,36,2,0,0,2,4,1,2,1,1,0,0,2,4,1,1,0,1,0
3,4,3,3,1,0,1,0,4,3,3,3,1,0,1,0,4,3,3,3,1,0,1,0
3,2,4,1,29,20,9,2,2,4,3,1,9,6,3,0,2,4,3,1,3,2,1,0
2,0,4,2,39,15,24,9,0,4,2,2,24,9,15,5,0,4,2,2,15,5,10,4
3,2,3,0,33,23,10,0,2,3,3,0,10,7,3,0,2,3,3,0,3,2,1,0
1,4,3,0,17,5,12,1,4,3,1,0,12,3,9,0,4,3,1,0,9,2,7,0
0,3,0,1,20,2,18,5,3,0,0,1,18,1,17,5,3,0,0,1,17,1,16,4
4,3,4,1,24,22,2,0,3,4,4,1,2,1,1,0,3,4,4,1,1,0,1,0
0,4,3,3,12,1,11,7,4,3,0,3,11,1,10,7,4,3,0,3,10,0,10,6
4,2,0,2,0,0,0,0,2,0,4,2,0,0,0,0,2,0,4,2,0,0,0,0
0,4,0,4,0,0,0,0,4,0,0,4,0,0,0,0,4,0,0,4,0,0,0,0
4,4,2,4,3,2,1,0,4,2,4,4,1,0,1,0,4,2,4,4,1,0,1,0
2,2,0,1,7,2,5,1,2,0,2,1,5,1,4,1,2,0,2,1,4,1,3,0
4,3,3,0,8,7,1,0,3,3,4,0,1,0,1,0,3,3,4,0,1,0,1,0
1,2,2,0,2,0,2,0,2,2,1,0,2,0,2,0,2,2,1,0,2,0,2,0
4,1,0,4,6,5,1,0,1,0,4,4,1,0,1,0,1,0,4,4,1,0,1,0
3,2,4,4,12,8,4,3,2,4,3,4,4,2,2,1,2,4,3,4,2,1,1,0
3,0,2,0,25,17,8,0,0,2,3,0,8,5,3,0,0,2,3,0,3,2,1,0
3,2,0,2,14,9,5,2,2,0,3,2,5,3,2,0,2,0,3,2,2,1,1,0
3,4,0,3,15,10,5,3,4,0,3,3,5,3,2,1,4,0,3,3,2,1,1,0
1,1,1,1,13,3,10,3,1,1,1,1,10,3,7,2,1,1,1,1,7,2,5,1
0,2,2,0,16,1,15,1,2,2,0,0,15,1,14,1,2,2,0,0,14,1,13,1
3,3,0,2,0,0,0,0,3,0,3,2,0,0,0,0,3,0,3,2,0,0,0,0
4,0,3,3,37,35,2,1,0,3,4,3,2,1,1,0,0,3,4,3,1,0,1,0
1,0,2,4,24,7,17,16,0,2,1,4,17,5,12,11,0,2,1,4,12,3,9,8
4,2,4,2,29,27,2,0,2,4,4,2,2,1,1,0,2,4,4,2,1,0,1,0
0,1,0,4,6,0,6,5,1,0,0,4,6,0,6,5,1,0,0,4,6,0,6,5
2,4,2,1,10,3,7,2,4,2,2,1,7,2,5,1,4,2,2,1,5,1,4,1
4,4,0,4,14,13,1,0,4,0,4,4,1,0,1,0,4,0,4,4,1,0,1,0
1,2,4,3,31,9,22,15,2,4,1,3,22,6,16,11,2,4,1,3,16,4,12,8
2,1,4,4,38,15,23,21,1,4,2,4,23,9,14,13,1,4,2,4,14,5,9,8
4,3,3,1,9,8,1,0,3,3,4,1,1,0,1,0,3,3,4,1,1,0,1,0
2,3,2,1,14,5,9,2,3,2,2,1,9,3,6,1,3,2,2,1,6,2,4,1
1,2,2,4,12,3,9,8,2,2,1,4,9,2,7,6,2,2,1,4,7,2,5,4
0,1,2,2,25,2,23,9,1,2,0,2,23,2,21,8,1,2,0,2,21,2,19,7
0,0,4,0,38,3,35,3,0,4,0,0,35,3,32,3,0,4,0,0,32,3,29,2
1,2,2,1,12,3,9,2,2,2,1,1,9,2,7,2,2,2,1,1,7,2,5,1
4,0,4,1,38,36,2,0,0,4,4,1,2,1,1,0,0,4,4,1,1,0,1,0
0,4,1,2,11,1,10,4,4,1,0,2,10,0,10,4,4,1,0,2,10,1,9,3
2,4,0,0,2,0,2,0,4,0,2,0,2,0,2,0,4,0,2,0,2,0,2,0
3,3,2,4,11,7,4,3,3,2,3,4,4,2,2,1,3,2,3,4,2,1,1,0
1,3,1,4,9,2,7,6,3,1,1,4,7,2,5,4,3,1,1,4,5,1,4,3
4,3,3,4,10,9,1,0,3,3,4,4,1,0,1,0,3,3,4,4,1,0,1,0
2,2,2,1,27,10,17,5,2,2,2,1,17,6,11,3,2,2,2,1,11,4,7,2
2,4,2,0,6,2,4,0,4,2,2,0,4,1,3,0,4,2,2,0,3,1,2,0
4,3,4,4,16,15,1,0,3,4,4,4,1,0,1,0,3,4,4,4,1,0,1,0
1,3,0,4,2,0,2,1,3,0,1,4,2,0,2,1,3,0,1,4,2,0,2,1
3,0,2,0,22,15,7,0,0,2,3,0,7,4,3,0,0,2,3,0,3,2,1,0
4,4,3,2,8,7,1,0,4,3,4,2,1,0,1,0,4,3,4,2,1,0,1,0
3,1,2,3,15,10,5,3,1,2,3,3,5,3,2,1,1,2,3,3,2,1,1,0
4,2,2,4,9,8,1,0,2,2,4,4,1,0,1,0,2,2,4,4,1,0,1,0
3,0,4,1,37,25,12,3,0,4,3,1,12,8,4,1,0,4,3,1,4,2,2,0
4,2,1,1,18,17,1,0,2,1,4,1,1,0,1,0,2,1,4,1,1,0,1,0
2,2,2,0,14,5,9,0,2,2,2,0,9,3,6,0,2,2,2,0,6,2,4,0
2,3,3,3,23,9,14,9,3,3,2,3,14,5,9,6,3,3,2,3,9,3,6,4
2,3,2,0,11,4,7,0,3,2,2,0,7,2,5,0,3,2,2,0,5,1,4,0
0,3,0,2,4,0,4,1,3,0,0,2,4,0,4,1,3,0,0,2,4,0,4,1
4,4,0,2,3,2,1,0,4,0,4,2,1,0,1,0,4,0,4,2,1,0,1,0
0,3,1,0,5,0,5,0,3,1,0,0,5,0,5,0,3,1,0,0,5,0,5,0
3,2,2,4,22,15,7,6,2,2,3,4,7,4,3,2,2,2,3,4,3,2,1,0
1,4,3,4,13,3,10,9,4,3,1,4,10,2,8,7,4,3,1,4,8,2,6,5
1,4,3,1,22,6,16,4,4,3,1,1,16,4,12,3,4,3,1,1,12,3,9,2
0,3,2,1,37,3,34,10,3,2,0,1,34,3,31,9,3,2,0,1,31,3,28,8
3,4,4,4,10,6,4,3,4,4,3,4,4,2,2,1,4,4,3,4,2,1,1,0
1,0,2,2,25,7,18,7,0,2,1,2,18,5,13,5,0,2,1,2,13,3,10,3
2,4,2,1,17,6,11,3,4,2,2,1,11,4,7,2,4,2,2,1,7,2,5,1
0,2,4,3,37,3,34,23,2,4,0,3,34,3,31,21,2,4,0,3,31,3,28,19
0,4,0,1,3,0,3,0,4,0,0,1,3,0,3,0,4,0,0,1,3,0,3,0
3,0,2,4,22,15,7,6,0,2,3,4,7,4,3,2,0,2,3,4,3,2,1,0
3,3,1,3,1,0,1,0,3,1,3,3,1,0,1,0,3,1,3,3,1,0,1,0
4,3,3,2,3,2,1,0,3,3,4,2,1,0,1,0,3,3,4,2,1,0,1,0
4,0,3,3,34,32,2,1,0,3,4,3,2,1,1,0,0,3,4,3,1,0,1,0
0,3,2,3,6,0,6,4,3,2,0,3,6,0,6,4,3,2,0,3,6,0,6,4
0,3,1,2,15,1,14,5,3,1,0,2,14,1,13,5,3,1,0,2,13,1,12,4
1,3,4,3,17,5,12,8,3,4,1,3,12,3,9,6,3,4,1,3,9,2,7,4
3,0,0,4,6,4,2,1,0,0,3,4,2,1,1,0,0,0,3,4,1,0,1,0
3,1,0,3,25,17,8,5,1,0,3,3,8,5,3,2,1,0,3,3,3,2,1,0
4,1,0,0,1,0,1,0,1,0,4,0,1,0,1,0,1,0,4,0,1,0,1,0
1,4,4,0,6,1,5,0,4,4,1,0,5,1,4,0,4,4,1,0,4,1,3,0
3,4,3,0,9,6,3,0,4,3,3,0,3,2,1,0,4,3,3,0,1,0,1,0
1,1,0,2,16,4,12,4,1,0,1,2,12,3,9,3,1,0,1,2,9,2,7,2
2,2,0,1,8,3,5,1,2,0,2,1,5,1,4,1,2,0,2,1,4,1,3,0
1,0,0,4,37,11,26,24,0,0,1,4,26,7,19,18,0,0,1,4,19,5,14,13
2,2,2,4,8,3,5,4,2,2,2,4,5,1,4,3,2,2,2,4,4,1,3,2
1,3,3,2,27,8,19,7,3,3,1,2,19,5,14,5,3,3,1,2,14,4,10,3
0,1,3,4,25,2,23,21,1,3,0,4,23,2,21,19,1,3,0,4,21,2,19,18
1,0,1,1,32,9,23,6,0,1,1,1,23,6,17,5,0,1,1,1,17,5,12,3
3,0,0,4,8,5,3,2,0,0,3,4,3,2,1,0,0,0,3,4,1,0,1,0
3,3,2,4,18,12,6,5,3,2,3,4,6,4,2,1,3,2,3,4,2,1,1,0
2,2,1,2,24,9,15,5,2,1,2,2,15,6,9,3,2,1,2,2,9,3,6,2
1,3,2,3,28,8,20,13,3,2,1,3,20,6,14,9,3,2,1,3,14,4,10,6
0,3,1,0,9,0,9,0,3,1,0,0,9,0,9,0,3,1,0,0,9,0,9,0
1,3,0,0,7,2,5,0,3,0,1,0,5,1,4,0,3,0,1,0,4,1,3,0
3,0,3,2,14,9,5,2,0,3,3,2,5,3,2,0,0,3,3,2,2,1,1,0
0,3,2,2,14,1,13,5,3,2,0,2,13,1,12,4,3,2,0,2,12,1,11,4
1,1,0,4,22,6,16,15,1,0,1,4,16,4,12,11,1,0,1,4,12,3,9,8
0,3,4,2,32,3,29,11,3,4,0,2,29,2,27,10,3,4,0,2,27,2,25,10
4,4,1,0,8,7,1,0,4,1,4,0,1,0,1,0,4,1,4,0,1,0,1,0
3,4,3,1,17,11,6,1,4,3,3,1,6,4,2,0,4,3,3,1,2,1,1,0
4,3,3,1,7,6,1,0,3,3,4,1,1,0,1,0,3,3,4,1,1,0,1,0
1,2,1,4,3,0,3,2,2,1,1,4,3,0,3,2,2,1,1,4,3,0,3,2
3,2,2,4,7,4,3,2,2,2,3,4,3,2,1,0,2,2,3,4,1,0,1,0
2,1,0,3,5,2,3,2,1,0,2,3,3,1,2,1,1,0,2,3,2,0,2,1
1,3,4,1,5,1,4,1,3,4,1,1,4,1,3,0,3,4,1,1,3,0,3,0
4,3,3,1,21,19,2,0,3,3,4,1,2,1,1,0,3,3,4,1,1,0,1,0
1,3,2,4,1,0,1,0,3,2,1,4,1,0,1,0,3,2,1,4,1,0,1,0
1,1,3,0,24,7,17,1,1,3,1,0,17,5,12,1,1,3,1,0,12,3,9,0
2,2,3,2,37,14,23,9,2,3,2,2,23,9,14,5,2,3,2,2,14,5,9,3
1,4,3,4,19,5,14,13,4,3,1,4,14,4,10,9,4,3,1,4,10,2,8,7
4,3,0,2,6,5,1,0,3,0,4,2,1,0,1,0,3,0,4,2,1,0,1,0
0,1,2,2,36,3,33,13,1,2,0,2,33,3,30,11,1,2,0,2,30,2,28,11
3,1,1,1,12,8,4,1,1,1,3,1,4,2,2,0,1,1,3,1,2,1,1,0
0,3,4,4,24,2,22,20,3,4,0,4,22,2,20,19,3,4,0,4,20,1,19,18
1,3,1,3,23,6,17,11,3,1,1,3,17,5,12,8,3,1,1,3,12,3,9,6
0,4,3,1,0,0,0,0,4,3,0,1,0,0,0,0,4,3,0,1,0,0,0,0
3,2,4,2,35,24,11,4,2,4,3,2,11,7,4,1,2,4,3,2,4,2,2,0
3,4,4,2,11,7,4,1,4,4,3,2,4,2,2,0,4,4,3,2,2,1,1,0
2,3,4,3,15,5,10,6,3,4,2,3,10,3,7,4,3,4,2,3,7,2,5,3
2,3,0,0,5,2,3,0,3,0,2,0,3,1,2,0,3,0,2,0,2,0,2,0
2,3,1,4,4,1,3,2,3,1,2,4,3,1,2,1,3,1,2,4,2,0,2,1
3,0,3,1,30,21,9,2,0,3,3,1,9,6,3,0,0,3,3,1,3,2,1,0
4,3,2,3,36,34,2,1,3,2,4,3,2,1,1,0,3,2,4,3,1,0,1,0
4,0,2,1,18,17,1,0,0,2,4,1,1,0,1,0,0,2,4,1,1,0,1,0
3,0,2,2,33,23,10,4,0,2,3,2,10,7,3,1,0,2,3,2,3,2,1,0
3,3,3,3,16,11,5,3,3,3,3,3,5,3,2,1,3,3,3,3,2,1,1,0
4,2,0,0,0,0,0,0,2,0,4,0,0,0,0,0,2,0,4,0,0,0,0,0
3,1,0,4,32,22,10,9,1,0,3,4,10,6,4,3,1,0,3,4,4,2,2,1
2,2,0,2,10,4,6,2,2,0,2,2,6,2,4,1,2,0,2,2,4,1,3,1
3,3,3,4,14,9,5,4,3,3,3,4,5,3,2,1,3,3,3,4,2,1,1,0
2,3,2,2,8,3,5,1,3,2,2,2,5,2,3,1,3,2,2,2,3,1,2,0
0,2,3,0,24,2,22,2,2,3,0,0,22,2,20,1,2,3,0,0,20,2,18,1
2,0,2,3,19,7,12,8,0,2,2,3,12,4,8,5,0,2,2,3,8,3,5,3
3,3,3,4,30,20,10,9,3,3,3,4,10,6,4,3,3,3,3,4,4,2,2,1
1,2,4,1,14,4,10,2,2,4,1,1,10,2,8,2,2,4,1,1,8,2,6,1
4,3,3,0,12,11,1,0,3,3,4,0,1,0,1,0,3,3,4,0,1,0,1,0
1,2,0,2,9,2,7,2,2,0,1,2,7,2,5,1,2,0,1,2,5,1,4,1
3,1,0,4,20,14,6,5,1,0,3,4,6,4,2,1,1,0,3,4,2,1,1,0
2,3,3,4,10,3,7,6,3,3,2,4,7,2,5,4,3,3,2,4,5,2,3,2
1,3,0,1,20,5,15,4,3,0,1,1,15,4,11,3,3,0,1,1,11,3,8,2
0,0,4,3,32,3,29,20,0,4,0,3,29,2,27,18,0,4,0,3,27,2,25,17
4,0,1,2,37,35,2,0,0,1,4,2,2,1,1,0,0,1,4,2,1,0,1,0
3,2,2,0,8,5,3,0,2,2,3,0,3,2,1,0,2,2,3,0,1,0,1,0
2,4,1,1,22,8,14,4,4,1,2,1,14,5,9,2,4,1,2,1,9,3,6,1
2,1,1,3,19,7,12,8,1,1,2,3,12,4,8,5,1,1,2,3,8,3,5,3
1,0,3,3,23,6,17,11,0,3,1,3,17,5,12,8,0,3,1,3,12,3,9,6
4,2,1,1,8,7,1,0,2,1,4,1,1,0,1,0,2,1,4,1,1,0,1,0
3,2,0,3,11,7,4,2,2,0,3,3,4,2,2,1,2,0,3,3,2,1,1,0
1,2,2,1,7,2,5,1,2,2,1,1,5,1,4,1,2,2,1,1,4,1,3,0
1,3,3,4,5,1,4,3,3,3,1,4,4,1,3,2,3,3,1,4,3,0,3,2
2,3,1,0,5,1,4,0,3,1,2,0,4,1,3,0,3,1,2,0,3,1,2,0
0,1,3,1,29,2,27,8,1,3,0,1,27,2,25,7,1,3,0,1,25,2,23,6
4,1,0,3,1,0,1,0,1,0,4,3,1,0,1,0,1,0,4,3,1,0,1,0
2,3,1,1,32,12,20,5,3,1,2,1,20,8,12,3,3,1,2,1,12,4,8,2
4,2,0,2,12,11,1,0,2,0,4,2,1,0,1,0,2,0,4,2,1,0,1,0
3,2,0,2,0,0,0,0,2,0,3,2,0,0,0,0,2,0,3,2,0,0,0,0
2,1,3,4,22,8,14,13,1,3,2,4,14,5,9,8,1,3,2,4,9,3,6,5
3,3,4,4,37,25,12,11,3,4,3,4,12,8,4,3,3,4,3,4,4,2,2,1
2,1,4,2,36,14,22,8,1,4,2,2,22,8,14,5,1,4,2,2,14,5,9,3
2,2,0,4,12,4,8,7,2,0,2,4,8,3,5,4,2,0,2,4,5,1,4,3
3,0,4,1,36,25,11,3,0,4,3,1,11,7,4,1,0,4,3,1,4,2,2,0
2,0,2,4,17,6,11,10,0,2,2,4,11,4,7,6,0,2,2,4,7,2,5,4
0,3,4,0,10,0,10,0,3,4,0,0,10,0,10,0,3,4,0,0,10,1,9,0
3,1,4,4,34,23,11,10,1,4,3,4,11,7,4,3,1,4,3,4,4,2,2,1
3,4,0,1,10,6,4,1,4,0,3,1,4,2,2,0,4,0,3,1,2,1,1,0
3,1,3,3,28,19,9,6,1,3,3,3,9,6,3,2,1,3,3,3,3,2,1,0
1,1,2,2,15,4,11,4,1,2,1,2,11,3,8,3,1,2,1,2,8,2,6,2
2,4,0,2,6,2,4,1,4,0,2,2,4,1,3,1,4,0,2,2,3,1,2,0
0,2,3,1,38,3,35,10,2,3,0,1,35,3,32,9,2,3,0,1,32,3,29,8
3,2,3,3,17,11,6,4,2,3,3,3,6,4,2,1,2,3,3,3,2,1,1,0
2,4,3,2,7,2,5,2,4,3,2,2,5,2,3,1,4,3,2,2,3,1,2,0
2,2,3,2,23,9,14,5,2,3,2,2,14,5,9,3,2,3,2,2,9,3,6,2
2,3,4,3,15,6,9,6,3,4,2,3,9,3,6,4,3,4,2,3,6,2,4,2
4,3,1,4,14,13,1,0,3,1,4,4,1,0,1,0,3,1,4,4,1,0,1,0
3,0,0,0,21,14,7,0,0,0,3,0,7,4,3,0,0,0,3,0,3,2,1,0
2,3,0,0,22,8,14,1,3,0,2,0,14,5,9,0,3,0,2,0,9,3,6,0
3,0,1,0,6,4,2,0,0,1,3,0,2,1,1,0,0,1,3,0,1,0,1,0
3,2,1,3,19,13,6,4,2,1,3,3,6,4,2,1,2,1,3,3,2,1,1,0
2,1,3,4,35,14,21,19,1,3,2,4,21,8,13,12,1,3,2,4,13,5,8,7
4,3,2,3,12,11,1,0,3,2,4,3,1,0,1,0,3,2,4,3,1,0,1,0
2,4,2,2,26,10,16,6,4,2,2,2,16,6,10,4,4,2,2,2,10,4,6,2
4,1,4,0,21,19,2,0,1,4,4,0,2,1,1,0,1,4,4,0,1,0,1,0
1,0,3,0,36,10,26,2,0,3,1,0,26,7,19,1,0,3,1,0,19,5,14,1
1,4,2,1,3,0,3,0,4,2,1,1,3,0,3,0,4,2,1,1,3,0,3,0
4,3,4,1,10,9,1,0,3,4,4,1,1,0,1,0,3,4,4,1,1,0,1,0
3,2,4,0,28,19,9,0,2,4,3,0,9,6,3,0,2,4,3,0,3,2,1,0
4,2,4,3,26,24,2,1,2,4,4,3,2,1,1,0,2,4,4,3,1,0,1,0
2,4,2,1,7,2,5,1,4,2,2,1,5,1,4,1,4,2,2,1,4,1,3,0
4,0,1,0,26,24,2,0,0,1,4,0,2,1,1,0,0,1,4,0,1,0,1,0
0,3,4,4,10,0,10,9,3,4,0,4,10,0,10,9,3,4,0,4,10,1,9,8
3,4,1,1,1,0,1,0,4,1,3,1,1,0,1,0,4,1,3,1,1,0,1,0
4,4,2,2,5,4,1,0,4,2,4,2,1,0,1,0,4,2,4,2,1,0,1,0
3,1,0,1,7,4,3,0,1,0,3,1,3,2,1,0,1,0,3,1,1,0,1,0
1,0,0,4,30,9,21,19,0,0,1,4,21,6,15,14,0,0,1,4,15,4,11,10
3,2,1,3,18,12,6,4,2,1,3,3,6,4,2,1,2,1,3,3,2,1,1,0
4,4,2,4,18,17,1,0,4,2,4,4,1,0,1,0,4,2,4,4,1,0,1,0
4,3,1,4,0,0,0,0,3,1,4,4,0,0,0,0,3,1,4,4,0,0,0,0
3,2,1,1,13,9,4,1,2,1,3,1,4,2,2,0,2,1,3,1,2,1,1,0
4,0,0,2,20,18,2,0,0,0,4,2,2,1,1,0,0,0,4,2,1,0,1,0
0,0,2,4,29,2,27,25,0,2,0,4,27,2,25,23,0,2,0,4,25,2,23,21
2,0,2,3,25,9,16,11,0,2,2,3,16,6,10,7,0,2,2,3,10,3,7,4
4,1,4,4,32,30,2,1,1,4,4,4,2,1,1,0,1,4,4,4,1,0,1,0
2,4,0,0,5,1,4,0,4,0,2,0,4,1,3,0,4,0,2,0,3,1,2,0
3,3,1,0,12,8,4,0,3,1,3,0,4,2,2,0,3,1,3,0,2,1,1,0
2,4,4,2,0,0,0,0,4,4,2,2,0,0,0,0,4,4,2,2,0,0,0,0
1,2,0,4,4,1,3,2,2,0,1,4,3,0,3,2,2,0,1,4,3,0,3,2
3,0,3,4,22,15,7,6,0,3,3,4,7,4,3,2,0,3,3,4,3,2,1,0
1,2,4,0,38,11,27,2,2,4,1,0,27,8,19,1,2,4,1,0,19,5,14,1
4,0,3,1,29,27,2,0,0,3,4,1,2,1,1,0,0,3,4,1,1,0,1,0
1,4,0,1,9,2,7,2,4,0,1,1,7,2,5,1,4,0,1,1,5,1,4,1
3,1,3,4,36,25,11,10,1,3,3,4,11,7,4,3,1,3,3,4,4,2,2,1
0,2,0,0,2,0,2,0,2,0,0,0,2,0,2,0,2,0,0,0,2,0,2,0
4,2,3,4,18,17,1,0,2,3,4,4,1,0,1,0,2,3,4,4,1,0,1,0
2,3,2,3,23,9,14,9,3,2,2,3,14,5,9,6,3,2,2,3,9,3,6,4
4,2,4,0,26,24,2,0,2,4,4,0,2,1,1,0,2,4,4,0,1,0,1,0
1,1,0,3,26,7,19,13,1,0,1,3,19,5,14,9,1,0,1,3,14,4,10,6
3,1,4,4,39,27,12,11,1,4,3,4,12,8,4,3,1,4,3,4,4,2,2,1
3,0,1,4,23,16,7,6,0,1,3,4,7,4,3,2,0,1,3,4,3,2,1,0
2,0,2,1,32,12,20,5,0,2,2,1,20,7,13,3,0,2,2,1,13,5,8,2
2,4,4,2,21,8,13,5,4,4,2,2,13,5,8,3,4,4,2,2,8,3,5,1
1,0,3,0,39,11,28,2,0,3,1,0,28,8,20,1,0,3,1,0,20,6,14,1
2,2,3,4,17,6,11,10,2,3,2,4,11,4,7,6,2,3,2,4,7,2,5,4
2,2,4,1,20,8,12,3,2,4,2,1,12,4,8,2,2,4,2,1,8,3,5,1
4,3,4,0,13,12,1,0,3,4,4,0,1,0,1,0,3,4,4,0,1,0,1,0
0,1,4,1,30,2,28,8,1,4,0,1,28,2,26,7,1,4,0,1,26,2,24,7
2,2,2,3,23,9,14,9,2,2,2,3,14,5,9,6,2,2,2,3,9,3,6,4
1,0,1,0,12,3,9,0,0,1,1,0,9,2,7,0,0,1,1,0,7,2,5,0
2,1,3,4,30,11,19,18,1,3,2,4,19,7,12,11,1,3,2,4,12,4,8,7
2,0,0,4,1,0,1,0,0,0,2,4,1,0,1,0,0,0,2,4,1,0,1,0
4,2,2,1,16,15,1,0,2,2,4,1,1,0,1,0,2,2,4,1,1,0,1,0
3,1,1,4,20,13,7,6,1,1,3,4,7,4,3,2,1,1,3,4,3,2,1,0
0,2,4,2,33,3,30,12,2,4,0,2,30,2,28,11,2,4,0,2,28,2,26,10
3,2,1,4,22,15,7,6,2,1,3,4,7,4,3,2,2,1,3,4,3,2,1,0
1,2,4,2,32,9,23,9,2,4,1,2,23,6,17,6,2,4,1,2,17,5,12,4
2,4,3,3,20,8,12,8,4,3,2,3,12,4,8,5,4,3,2,3,8,3,5,3
4,2,1,4,2,1,1,0,2,1,4,4,1,0,1,0,2,1,4,4,1,0,1,0
3,4,4,1,9,6,3,0,4,4,3,1,3,2,1,0,4,4,3,1,1,0,1,0
2,4,3,2,2,0,2,0,4,3,2,2,2,0,2,0,4,3,2,2,2,0,2,0
1,4,2,4,13,3,10,9,4,2,1,4,10,3,7,6,4,2,1,4,7,2,5,4
3,2,4,1,20,14,6,1,2,4,3,1,6,4,2,0,2,4,3,1,2,1,1,0
0,4,1,0,9,0,9,0,4,1,0,0,9,0,9,0,4,1,0,0,9,0,9,0
4,3,0,1,23,21,2,0,3,0,4,1,2,1,1,0,3,0,4,1,1,0,1,0
0,2,2,0,4,0,4,0,2,2,0,0,4,0,4,0,2,2,0,0,4,0,4,0
2,1,4,4,34,13,21,19,1,4,2,4,21,8,13,12,1,4,2,4,13,5,8,7
1,4,0,0,7,2,5,0,4,0,1,0,5,1,4,0,4,0,1,0,4,1,3,0
2,1,3,3,22,8,14,9,1,3,2,3,14,5,9,6,1,3,2,3,9,3,6,4
4,3,4,2,29,27,2,0,3,4,4,2,2,1,1,0,3,4,4,2,1,0,1,0
1,2,1,2,12,3,9,3,2,1,1,2,9,2,7,2,2,1,1,2,7,2,5,1
2,4,2,0,32,12,20,1,4,2,2,0,20,7,13,1,4,2,2,0,13,5,8,0
2,1,4,1,25,9,16,4,1,4,2,1,16,6,10,2,1,4,2,1,10,3,7,2
0,1,2,0,26,2,24,2,1,2,0,0,24,2,22,2,1,2,0,0,22,2,20,1
4,1,0,4,24,22,2,1,1,0,4,4,2,1,1,0,1,0,4,4,1,0,1,0
0,1,4,0,32,3,29,2,1,4,0,0,29,2,27,2,1,4,0,0,27,2,25,2
0,0,2,0,33,3,30,3,0,2,0,0,30,3,27,2,0,2,0,0,27,2,25,2
3,1,3,1,39,27,12,3,1,3,3,1,12,8,4,1,1,3,3,1,4,2,2,0
1,4,3,3,9,2,7,4,4,3,1,3,7,2,5,3,4,3,1,3,5,1,4,2
1,2,1,4,21,6,15,14,2,1,1,4,15,4,11,10,2,1,1,4,11,3,8,7
2,0,0,2,16,6,10,4,0,0,2,2,10,4,6,2,0,0,2,2,6,2,4,1
3,4,3,3,6,4,2,1,4,3,3,3,2,1,1,0,4,3,3,3,1,0,1,0
1,4,0,3,3,0,3,2,4,0,1,3,3,0,3,2,4,0,1,3,3,0,3,2
4,4,4,0,7,6,1,0,4,4,4,0,1,0,1,0,4,4,4,0,1,0,1,0
3,2,1,3,35,24,11,7,2,1,3,3,11,7,4,2,2,1,3,3,4,2,2,1
3,1,4,0,26,18,8,0,1,4,3,0,8,5,3,0,1,4,3,0,3,2,1,0
2,4,2,1,10,3,7,2,4,2,2,1,7,2,5,1,4,2,2,1,5,2,3,0
3,0,2,1,32,22,10,2,0,2,3,1,10,7,3,0,0,2,3,1,3,2,1,0
4,2,4,2,32,30,2,0,2,4,4,2,2,1,1,0,2,4,4,2,1,0,1,0
4,2,3,4,18,17,1,0,2,3,4,4,1,0,1,0,2,3,4,4,1,0,1,0
3,2,4,0,26,18,8,0,2,4,3,0,8,5,3,0,2,4,3,0,3,2,1,0
2,1,4,0,37,14,23,2,1,4,2,0,23,9,14,1,1,4,2,0,14,5,9,0
0,2,1,2,10,0,10,4,2,1,0,2,10,1,9,3,2,1,0,2,9,0,9,3
3,1,0,0,6,4,2,0,1,0,3,0,2,1,1,0,1,0,3,0,1,0,1,0
2,0,1,2,22,8,14,5,0,1,2,2,14,5,9,3,0,1,2,2,9,3,6,2
0,3,0,0,10,0,10,1,3,0,0,0,10,1,9,0,3,0,0,0,9,0,9,0
1,1,0,1,6,1,5,1,1,0,1,1,5,1,4,1,1,0,1,1,4,1,3,0
0,1,3,1,30,3,27,8,1,3,0,1,27,2,25,7,1,3,0,1,25,2,23,6
2,3,3,1,22,8,14,4,3,3,2,1,14,5,9,2,3,3,2,1,9,3,6,1
1,3,4,1,10,2,8,2,3,4,1,1,8,2,6,1,3,4,1,1,6,1,5,1
3,1,1,4,18,12,6,5,1,1,3,4,6,4,2,1,1,1,3,4,2,1,1,0
2,1,4,1,36,14,22,6,1,4,2,1,22,8,14,4,1,4,2,1,14,5,9,2
3,1,4,0,39,27,12,1,1,4,3,0,12,8,4,0,1,4,3,0,4,2,2,0
0,3,3,3,16,1,15,10,3,3,0,3,15,1,14,9,3,3,0,3,14,1,13,9
3,4,0,4,2,1,1,0,4,0,3,4,1,0,1,0,4,0,3,4,1,0,1,0
0,0,2,0,28,2,26,2,0,2,0,0,26,2,24,2,0,2,0,0,24,2,22,2
0,4,4,4,21,2,19,18,4,4,0,4,19,1,18,17,4,4,0,4,18,1,17,16
2,2,1,0,3,1,2,0,2,1,2,0,2,0,2,0,2,1,2,0,2,0,2,0
0,4,3,0,7,0,7,0,4,3,0,0,7,0,7,0,4,3,0,0,7,0,7,0
4,4,1,3,15,14,1,0,4,1,4,3,1,0,1,0,4,1,4,3,1,0,1,0
3,1,0,4,29,20,9,8,1,0,3,4,9,6,3,2,1,0,3,4,3,2,1,0
0,4,1,1,9,0,9,2,4,1,0,1,9,0,9,2,4,1,0,1,9,0,9,2
0,2,1,0,14,1,13,1,2,1,0,0,13,1,12,1,2,1,0,0,12,1,11,1
4,2,4,4,26,24,2,1,2,4,4,4,2,1,1,0,2,4,4,4,1,0,1,0
1,0,1,1,17,5,12,3,0,1,1,1,12,3,9,2,0,1,1,1,9,2,7,2
1,4,1,1,6,1,5,1,4,1,1,1,5,1,4,1,4,1,1,1,4,1,3,0
4,3,3,2,12,11,1,0,3,3,4,2,1,0,1,0,3,3,4,2,1,0,1,0
2,3,1,4,0,0,0,0,3,1,2,4,0,0,0,0,3,1,2,4,0,0,0,0
3,0,0,0,3,2,1,0,0,0,3,0,1,0,1,0,0,0,3,0,1,0,1,0
0,0,1,4,15,1,14,13,0,1,0,4,14,1,13,12,0,1,0,4,13,1,12,11
3,1,1,2,22,15,7,2,1,1,3,2,7,4,3,1,1,1,3,2,3,2,1,0
0,3,2,1,29,2,27,8,3,2,0,1,27,2,25,7,3,2,0,1,25,2,23,6
1,3,4,0,17,5,12,1,3,4,1,0,12,3,9,0,3,4,1,0,9,2,7,0
0,1,4,4,25,2,23,21,1,4,0,4,23,2,21,19,1,4,0,4,21,2,19,18
0,0,3,4,34,3,31,29,0,3,0,4,31,3,28,26,0,3,0,4,28,2,26,24
3,0,2,4,22,15,7,6,0,2,3,4,7,4,3,2,0,2,3,4,3,2,1,0
3,2,3,3,26,18,8,5,2,3,3,3,8,5,3,2,2,3,3,3,3,2,1,0
0,2,1,2,2,0,2,0,2,1,0,2,2,0,2,0,2,1,0,2,2,0,2,0
2,2,4,1,13,5,8,2,2,4,2,1,8,3,5,1,2,4,2,1,5,2,3,0
2,2,0,3,3,1,2,1,2,0,2,3,2,0,2,1,2,0,2,3,2,0,2,1
2,1,2,2,30,11,19,7,1,2,2,2,19,7,12,4,1,2,2,2,12,4,8,3
2,2,4,4,23,9,14,13,2,4,2,4,14,5,9,8,2,4,2,4,9,3,6,5
4,2,0,1,7,6,1,0,2,0,4,1,1,0,1,0,2,0,4,1,1,0,1,0
0,4,3,1,2,0,2,0,4,3,0,1,2,0,2,0,4,3,0,1,2,0,2,0
2,3,0,2,2,0,2,0,3,0,2,2,2,0,2,0,3,0,2,2,2,0,2,0
0,4,3,4,5,0,5,4,4,3,0,4,5,0,5,4,4,3,0,4,5,0,5,4
0,2,0,4,10,1,9,8,2,0,0,4,9,0,9,8,2,0,0,4,9,0,9,8
4,0,4,3,35,33,2,1,0,4,4,3,2,1,1,0,0,4,4,3,1,0,1,0
3,3,1,4,17,11,6,5,3,1,3,4,6,4,2,1,3,1,3,4,2,1,1,0
1,4,3,3,7,2,5,3,4,3,1,3,5,1,4,2,4,3,1,3,4,1,3,2
4,0,2,0,33,31,2,0,0,2,4,0,2,1,1,0,0,2,4,0,1,0,1,0
1,2,0,0,8,2,6,0,2,0,1,0,6,1,5,0,2,0,1,0,5,1,4,0
1,0,3,4,33,9,24,22,0,3,1,4,24,7,17,16,0,3,1,4,17,5,12,11
4,3,4,4,14,13,1,0,3,4,4,4,1,0,1,0,3,4,4,4,1,0,1,0
1,1,3,2,20,5,15,5,1,3,1,2,15,4,11,4,1,3,1,2,11,3,8,3
1,1,4,2,21,6,15,5,1,4,1,2,15,4,11,4,1,4,1,2,11,3,8,3
1,1,4,1,31,9,22,6,1,4,1,1,22,6,16,4,1,4,1,1,16,4,12,3
3,3,4,2,15,10,5,2,3,4,3,2,5,3,2,0,3,4,3,2,2,1,1,0
4,4,0,3,2,1,1,0,4,0,4,3,1,0,1,0,4,0,4,3,1,0,1,0
0,2,0,2,11,1,10,4,2,0,0,2,10,1,9,3,2,0,0,2,9,0,9,3
0,2,0,0,0,0,0,0,2,0,0,0,0,0,0,0,2,0,0,0,0,0,0,0
4,2,2,0,3,2,1,0,2,2,4,0,1,0,1,0,2,2,4,0,1,0,1,0
2,4,1,4,7,2,5,4,4,1,2,4,5,1,4,3,4,1,2,4,4,1,3,2
3,3,3,2,11,7,4,1,3,3,3,2,4,2,2,0,3,3,3,2,2,1,1,0
0,4,1,4,14,1,13,12,4,1,0,4,13,1,12,11,4,1,0,4,12,1,11,10
1,0,2,0,37,11,26,2,0,2,1,0,26,7,19,1,0,2,1,0,19,5,14,1
1,4,0,3,1,0,1,0,4,0,1,3,1,0,1,0,4,0,1,3,1,0,1,0
1,3,0,3,5,1,4,2,3,0,1,3,4,1,3,2,3,0,1,3,3,0,3,2
2,3,3,2,4,1,3,1,3,3,2,2,3,1,2,0,3,3,2,2,2,0,2,0
3,2,0,0,13,9,4,0,2,0,3,0,4,2,2,0,2,0,3,0,2,1,1,0
3,0,1,2,24,16,8,3,0,1,3,2,8,5,3,1,0,1,3,2,3,2,1,0
3,1,0,4,21,14,7,6,1,0,3,4,7,4,3,2,1,0,3,4,3,2,1,0
3,1,2,2,23,16,7,2,1,2,3,2,7,4,3,1,1,2,3,2,3,2,1,0
0,1,0,1,11,1,10,3,1,0,0,1,10,1,9,2,1,0,0,1,9,0,9,2
4,3,2,0,1,0,1,0,3,2,4,0,1,0,1,0,3,2,4,0,1,0,1,0
3,2,3,3,21,14,7,4,2,3,3,3,7,4,3,2,2,3,3,3,3,2,1,0
0,0,0,3,7,0,7,4,0,0,0,3,7,0,7,4,0,0,0,3,7,0,7,4
3,3,3,1,13,9,4,1,3,3,3,1,4,2,2,0,3,3,3,1,2,1,1,0
4,1,3,1,19,18,1,0,1,3,4,1,1,0,1,0,1,3,4,1,1,0,1,0
3,1,1,2,5,3,2,0,1,1,3,2,2,1,1,0,1,1,3,2,1,0,1,0
3,4,1,0,9,6,3,0,4,1,3,0,3,2,1,0,4,1,3,0,1,0,1,0
0,2,2,4,17,1,16,15,2,2,0,4,16,1,15,14,2,2,0,4,15,1,14,13
3,2,4,0,29,20,9,0,2,4,3,0,9,6,3,0,2,4,3,0,3,2,1,0
1,1,3,4,27,8,19,18,1,3,1,4,19,5,14,13,1,3,1,4,14,4,10,9
4,2,4,0,27,25,2,0,2,4,4,0,2,1,1,0,2,4,4,0,1,0,1,0
0,4,0,3,5,0,5,3,4,0,0,3,5,0,5,3,4,0,0,3,5,0,5,3
2,2,1,1,14,5,9,2,2,1,2,1,9,3,6,1,2,1,2,1,6,2,4,1
2,3,4,1,15,5,10,2,3,4,2,1,10,3,7,2,3,4,2,1,7,2,5,1
2,0,3,2,11,4,7,2,0,3,2,2,7,2,5,1,0,3,2,2,5,2,3,1
0,3,1,0,4,0,4,0,3,1,0,0,4,0,4,0,3,1,0,0,4,0,4,0
1,4,2,1,14,4,10,2,4,2,1,1,10,3,7,2,4,2,1,1,7,2,5,1
3,4,1,1,3,2,1,0,4,1,3,1,1,0,1,0,4,1,3,1,1,0,1,0
4,1,1,3,6,5,1,0,1,1,4,3,1,0,1,0,1,1,4,3,1,0,1,0
2,0,1,3,20,7,13,9,0,1,2,3,13,5,8,5,0,1,2,3,8,3,5,3
0,0,3,2,32,3,29,11,0,3,0,2,29,2,27,10,0,3,0,2,27,2,25,10
1,4,3,2,5,1,4,1,4,3,1,2,4,1,3,1,4,3,1,2,3,0,3,1
0,4,2,0,22,2,20,2,4,2,0,0,20,1,19,1,4,2,0,0,19,1,18,1
4,2,0,2,15,14,1,0,2,0,4,2,1,0,1,0,2,0,4,2,1,0,1,0
3,3,4,0,23,16,7,0,3,4,3,0,7,4,3,0,3,4,3,0,3,2,1,0
2,2,4,0,35,13,22,2,2,4,2,0,22,8,14,1,2,4,2,0,14,5,9,0
0,4,4,1,7,0,7,2,4,4,0,1,7,0,7,2,4,4,0,1,7,0,7,2
1,1,1,3,7,2,5,3,1,1,1,3,5,1,4,2,1,1,1,3,4,1,3,2
3,3,0,3,4,2,2,1,3,0,3,3,2,1,1,0,3,0,3,3,1,0,1,0
3,0,2,4,14,9,5,4,0,2,3,4,5,3,2,1,0,2,3,4,2,1,1,0
3,2,3,0,7,4,3,0,2,3,3,0,3,2,1,0,2,3,3,0,1,0,1,0
3,3,0,4,11,7,4,3,3,0,3,4,4,2,2,1,3,0,3,4,2,1,1,0
1,1,3,1,23,6,17,5,1,3,1,1,17,5,12,3,1,3,1,1,12,3,9,2
2,1,0,1,1,0,1,0,1,0,2,1,1,0,1,0,1,0,2,1,1,0,1,0
4,1,3,2,37,35,2,0,1,3,4,2,2,1,1,0,1,3,4,2,1,0,1,0
1,3,2,3,29,8,21,14,3,2,1,3,21,6,15,10,3,2,1,3,15,4,11,7
0,2,2,4,14,1,13,12,2,2,0,4,13,1,12,11,2,2,0,4,12,1,11,10
0,2,2,4,7,0,7,6,2,2,0,4,7,0,7,6,2,2,0,4,7,0,7,6
4,2,1,4,22,20,2,1,2,1,4,4,2,1,1,0,2,1,4,4,1,0,1,0
2,3,2,1,16,6,10,2,3,2,2,1,10,3,7,2,3,2,2,1,7,2,5,1
0,3,2,0,21,2,19,1,3,2,0,0,19,1,18,1,3,2,0,0,18,1,17,1
2,2,1,2,18,7,11,4,2,1,2,2,11,4,7,2,2,1,2,2,7,2,5,1
0,0,0,2,13,1,12,4,0,0,0,2,12,1,11,4,0,0,0,2,11,1,10,4
0,4,2,2,7,0,7,2,4,2,0,2,7,0,7,2,4,2,0,2,7,0,7,2
3,4,2,1,13,9,4,1,4,2,3,1,4,2,2,0,4,2,3,1,2,1,1,0
3,3,3,4,12,8,4,3,3,3,3,4,4,2,2,1,3,3,3,4,2,1,1,0
1,2,3,0,38,11,27,2,2,3,1,0,27,8,19,1,2,3,1,0,19,5,14,1
3,1,3,3,31,21,10,6,1,3,3,3,10,6,4,2,1,3,3,3,4,2,2,1
4,0,0,4,17,16,1,0,0,0,4,4,1,0,1,0,0,0,4,4,1,0,1,0
0,3,1,1,11,1,10,2,3,1,0,1,10,1,9,2,3,1,0,1,9,0,9,2
2,1,3,0,31,12,19,1,1,3,2,0,19,7,12,1,1,3,2,0,12,4,8,0
2,0,4,3,28,11,17,11,0,4,2,3,17,6,11,7,0,4,2,3,11,4,7,4
3,1,1,3,29,20,9,6,1,1,3,3,9,6,3,2,1,1,3,3,3,2,1,0
2,2,0,1,3,1,2,0,2,0,2,1,2,0,2,0,2,0,2,1,2,0,2,0
0,4,3,2,6,0,6,2,4,3,0,2,6,0,6,2,4,3,0,2,6,0,6,2
2,4,2,0,2,0,2,0,4,2,2,0,2,0,2,0,4,2,2,0,2,0,2,0
0,1,2,2,17,1,16,6,1,2,0,2,16,1,15,5,1,2,0,2,15,1,14,5
4,0,0,0,12,11,1,0,0,0,4,0,1,0,1,0,0,0,4,0,1,0,1,0
0,2,3,3,30,2,28,19,2,3,0,3,28,2,26,18,2,3,0,3,26,2,24,16
1,1,2,4,18,5,13,12,1,2,1,4,13,3,10,9,1,2,1,4,10,3,7,6
3,3,1,3,6,4,2,1,3,1,3,3,2,1,1,0,3,1,3,3,1,0,1,0
0,1,1,0,23,2,21,2,1,1,0,0,21,2,19,1,1,1,0,0,19,1,18,1
3,4,2,2,24,16,8,3,4,2,3,2,8,5,3,1,4,2,3,2,3,2,1,0
0,4,0,3,2,0,2,1,4,0,0,3,2,0,2,1,4,0,0,3,2,0,2,1
3,4,3,3,28,19,9,6,4,3,3,3,9,6,3,2,4,3,3,3,3,2,1,0
1,3,1,0,7,2,5,0,3,1,1,0,5,1,4,0,3,1,1,0,4,1,3,0
3,3,0,1,2,1,1,0,3,0,3,1,1,0,1,0,3,0,3,1,1,0,1,0
1,4,1,1,2,0,2,0,4,1,1,1,2,0,2,0,4,1,1,1,2,0,2,0
2,2,2,4,12,4,8,7,2,2,2,4,8,3,5,4,2,2,2,4,5,2,3,2
0,3,4,4,24,2,22,20,3,4,0,4,22,2,20,18,3,4,0,4,20,1,19,18
2,0,0,1,10,4,6,1,0,0,2,1,6,2,4,1,0,0,2,1,4,1,3,0
4,0,2,1,20,19,1,0,0,2,4,1,1,0,1,0,0,2,4,1,1,0,1,0
0,3,1,2,1,0,1,0,3,1,0,2,1,0,1,0,3,1,0,2,1,0,1,0
1,1,3,3,20,5,15,10,1,3,1,3,15,4,11,7,1,3,1,3,11,3,8,5
0,4,4,0,17,1,16,1,4,4,0,0,16,1,15,1,4,4,0,0,15,1,14,1
0,4,1,1,5,0,5,1,4,1,0,1,5,0,5,1,4,1,0,1,5,0,5,1
4,3,1,0,26,24,2,0,3,1,4,0,2,1,1,0,3,1,4,0,1,0,1,0
1,1,4,0,35,10,25,2,1,4,1,0,25,7,18,1,1,4,1,0,18,5,13,1
4,0,4,0,33,31,2,0,0,4,4,0,2,1,1,0,0,4,4,0,1,0,1,0
1,0,4,4,31,9,22,20,0,4,1,4,22,6,16,15,0,4,1,4,16,4,12,11
3,1,1,0,11,7,4,0,1,1,3,0,4,2,2,0,1,1,3,0,2,1,1,0
4,2,3,4,30,28,2,1,2,3,4,4,2,1,1,0,2,3,4,4,1,0,1,0
0,4,0,0,0,0,0,0,4,0,0,0,0,0,0,0,4,0,0,0,0,0,0,0
4,1,0,3,6,5,1,0,1,0,4,3,1,0,1,0,1,0,4,3,1,0,1,0
2,1,1,1,15,6,9,2,1,1,2,1,9,3,6,1,1,1,2,1,6,2,4,1
2,1,4,3,32,12,20,13,1,4,2,3,20,7,13,9,1,4,2,3,13,5,8,5
4,1,3,0,32,30,2,0,1,3,4,0,2,1,1,0,1,3,4,0,1,0,1,0
2,1,3,1,32,12,20,5,1,3,2,1,20,7,13,3,1,3,2,1,13,5,8,2
4,2,2,2,4,3,1,0,2,2,4,2,1,0,1,0,2,2,4,2,1,0,1,0
3,0,0,4,12,8,4,3,0,0,3,4,4,2,2,1,0,0,3,4,2,1,1,0
1,3,1,3,3,0,3,2,3,1,1,3,3,0,3,2,3,1,1,3,3,0,3,2
1,3,4,4,22,6,16,15,3,4,1,4,16,4,12,11,3,4,1,4,12,3,9,8
0,4,3,0,14,1,13,1,4,3,0,0,13,1,12,1,4,3,0,0,12,1,11,1
1,4,0,3,12,3,9,6,4,0,1,3,9,2,7,4,4,0,1,3,7,2,5,3
4,0,1,2,2,1,1,0,0,1,4,2,1,0,1,0,0,1,4,2,1,0,1,0
4,3,2,2,9,8,1,0,3,2,4,2,1,0,1,0,3,2,4,2,1,0,1,0
0,0,0,2,0,0,0,0,0,0,0,2,0,0,0,0,0,0,0,2,0,0,0,0
4,4,4,4,12,11,1,0,4,4,4,4,1,0,1,0,4,4,4,4,1,0,1,0
3,1,0,4,11,7,4,3,1,0,3,4,4,2,2,1,1,0,3,4,2,1,1,0
1,2,2,1,23,6,17,5,2,2,1,1,17,5,12,3,2,2,1,1,12,3,9,2
2,4,1,0,10,4,6,0,4,1,2,0,6,2,4,0,4,1,2,0,4,1,3,0
3,3,0,1,7,4,3,0,3,0,3,1,3,2,1,0,3,0,3,1,1,0,1,0
2,1,3,4,22,8,14,13,1,3,2,4,14,5,9,8,1,3,2,4,9,3,6,5
2,4,3,3,4,1,3,2,4,3,2,3,3,1,2,1,4,3,2,3,2,0,2,1
3,4,1,2,9,6,3,1,4,1,3,2,3,2,1,0,4,1,3,2,1,0,1,0
2,4,0,3,9,3,6,4,4,0,2,3,6,2,4,2,4,0,2,3,4,1,3,2
4,3,3,2,15,14,1,0,3,3,4,2,1,0,1,0,3,3,4,2,1,0,1,0
3,0,0,3,3,2,1,0,0,0,3,3,1,0,1,0,0,0,3,3,1,0,1,0
0,2,4,0,36,3,33,3,2,4,0,0,33,3,30,2,2,4,0,0,30,2,28,2
4,4,2,4,15,14,1,0,4,2,4,4,1,0,1,0,4,2,4,4,1,0,1,0
0,3,0,2,7,0,7,2,3,0,0,2,7,0,7,2,3,0,0,2,7,0,7,2
1,4,3,4,26,7,19,18,4,3,1,4,19,5,14,13,4,3,1,4,14,4,10,9
2,1,2,4,15,5,10,9,1,2,2,4,10,3,7,6,1,2,2,4,7,2,5,4
3,2,0,1,6,4,2,0,2,0,3,1,2,1,1,0,2,0,3,1,1,0,1,0
1,2,4,1,27,8,19,5,2,4,1,1,19,5,14,4,2,4,1,1,14,4,10,2
4,4,2,0,3,2,1,0,4,2,4,0,1,0,1,0,4,2,4,0,1,0,1,0
2,3,2,4,15,5,10,9,3,2,2,4,10,4,6,5,3,2,2,4,6,2,4,3
1,2,4,4,14,4,10,9,2,4,1,4,10,3,7,6,2,4,1,4,7,2,5,4
0,0,3,4,26,2,24,22,0,3,0,4,24,2,22,20,0,3,0,4,22,2,20,18
3,2,0,0,1,0,1,0,2,0,3,0,1,0,1,0,2,0,3,0,1,0,1,0
4,4,0,4,6,5,1,0,4,0,4,4,1,0,1,0,4,0,4,4,1,0,1,0
1,1,0,4,5,1,4,3,1,0,1,4,4,1,3,2,1,0,1,4,3,0,3,2
0,1,3,2,33,3,30,12,1,3,0,2,30,2,28,11,1,3,0,2,28,2,26,10
1,1,0,1,9,2,7,2,1,0,1,1,7,2,5,1,1,0,1,1,5,1,4,1
2,3,3,1,8,3,5,1,3,3,2,1,5,1,4,1,3,3,2,1,4,1,3,0
3,3,1,1,5,3,2,0,3,1,3,1,2,1,1,0,3,1,3,1,1,0,1,0
0,4,3,2,20,2,18,7,4,3,0,2,18,1,17,6,4,3,0,2,17,1,16,6
2,1,0,0,16,6,10,0,1,0,2,0,10,3,7,0,1,0,2,0,7,2,5,0
2,0,0,2,6,2,4,1,0,0,2,2,4,1,3,1,0,0,2,2,3,1,2,0
1,2,4,0,38,11,27,2,2,4,1,0,27,8,19,1,2,4,1,0,19,5,14,1
1,0,4,0,33,9,24,2,0,4,1,0,24,7,17,1,0,4,1,0,17,5,12,1
1,3,1,2,4,1,3,1,3,1,1,2,3,0,3,1,3,1,1,2,3,0,3,1
1,0,0,0,5,1,4,0,0,0,1,0,4,1,3,0,0,0,1,0,3,0,3,0
4,1,4,0,39,37,2,0,1,4,4,0,2,1,1,0,1,4,4,0,1,0,1,0
0,4,4,3,20,2,18,12,4,4,0,3,18,1,17,11,4,4,0,3,17,1,16,11
0,2,1,1,9,0,9,2,2,1,0,1,9,0,9,2,2,1,0,1,9,0,9,2
3,4,2,3,13,9,4,2,4,2,3,3,4,2,2,1,4,2,3,3,2,1,1,0
3,2,0,4,5,3,2,1,2,0,3,4,2,1,1,0,2,0,3,4,1,0,1,0
4,3,2,2,22,20,2,0,3,2,4,2,2,1,1,0,3,2,4,2,1,0,1,0
1,3,3,0,21,6,15,1,3,3,1,0,15,4,11,1,3,3,1,0,11,3,8,0
2,0,2,0,29,11,18,1,0,2,2,0,18,7,11,1,0,2,2,0,11,4,7,0
3,4,3,4,3,2,1,0,4,3,3,4,1,0,1,0,4,3,3,4,1,0,1,0
0,1,2,4,22,2,20,19,1,2,0,4,20,1,19,18,1,2,0,4,19,1,18,17
2,4,3,3,13,5,8,5,4,3,2,3,8,3,5,3,4,3,2,3,5,1,4,2
2,3,3,1,8,3,5,1,3,3,2,1,5,2,3,0,3,3,2,1,3,1,2,0
2,0,1,1,16,6,10,3,0,1,2,1,10,4,6,1,0,1,2,1,6,2,4,1
1,4,0,0,12,3,9,0,4,0,1,0,9,2,7,0,4,0,1,0,7,2,5,0
3,2,2,0,28,19,9,0,2,2,3,0,9,6,3,0,2,2,3,0,3,2,1,0
1,4,0,4,2,0,2,1,4,0,1,4,2,0,2,1,4,0,1,4,2,0,2,1
0,2,0,4,15,1,14,13,2,0,0,4,14,1,13,12,2,0,0,4,13,1,12,11
4,3,4,1,26,24,2,0,3,4,4,1,2,1,1,0,3,4,4,1,1,0,1,0
3,4,4,3,13,9,4,2,4,4,3,3,4,2,2,1,4,4,3,3,2,1,1,0
2,3,1,0,17,6,11,1,3,1,2,0,11,4,7,0,3,1,2,0,7,2,5,0
1,0,2,1,32,9,23,6,0,2,1,1,23,6,17,5,0,2,1,1,17,5,12,3
1,1,1,2,10,3,7,2,1,1,1,2,7,2,5,2,1,1,1,2,5,1,4,1
2,0,2,3,26,10,16,11,0,2,2,3,16,6,10,7,0,2,2,3,10,4,6,4
4,0,3,2,39,37,2,0,0,3,4,2,2,1,1,0,0,3,4,2,1,0,1,0
2,3,0,2,9,3,6,2,3,0,2,2,6,2,4,1,3,0,2,2,4,1,3,1
2,0,2,2,26,10,16,6,0,2,2,2,16,6,10,3,0,2,2,2,10,4,6,2
1,4,1,0,4,1,3,0,4,1,1,0,3,0,3,0,4,1,1,0,3,0,3,0
2,2,3,2,24,9,15,6,2,3,2,2,15,6,9,3,2,3,2,2,9,3,6,2
3,0,1,2,32,22,10,4,0,1,3,2,10,7,3,1,0,1,3,2,3,2,1,0
2,1,3,1,22,8,14,4,1,3,2,1,14,5,9,2,1,3,2,1,9,3,6,1
2,4,4,2,28,11,17,6,4,4,2,2,17,6,11,4,4,4,2,2,11,4,7,2
1,2,1,0,33,9,24,2,2,1,1,0,24,7,17,1,2,1,1,0,17,5,12,1
1,4,3,3,10,2,8,5,4,3,1,3,8,2,6,4,4,3,1,3,6,1,5,3
4,2,2,2,16,15,1,0,2,2,4,2,1,0,1,0,2,2,4,2,1,0,1,0
1,1,2,4,22,6,16,15,1,2,1,4,16,4,12,11,1,2,1,4,12,3,9,8
3,0,3,1,37,25,12,3,0,3,3,1,12,8,4,1,0,3,3,1,4,2,2,0
4,4,1,3,16,15,1,0,4,1,4,3,1,0,1,0,4,1,4,3,1,0,1,0
1,1,4,2,24,7,17,6,1,4,1,2,17,5,12,4,1,4,1,2,12,3,9,3
3,2,0,2,3,2,1,0,2,0,3,2,1,0,1,0,2,0,3,2,1,0,1,0
4,4,2,0,2,1,1,0,4,2,4,0,1,0,1,0,4,2,4,0,1,0,1,0
2,4,3,3,10,3,7,4,4,3,2,3,7,2,5,3,4,3,2,3,5,2,3,2
2,2,2,1,37,14,23,6,2,2,2,1,23,9,14,4,2,2,2,1,14,5,9,2
3,2,4,4,37,25,12,11,2,4,3,4,12,8,4,3,2,4,3,4,4,2,2,1
0,0,0,1,18,1,17,5,0,0,0,1,17,1,16,4,0,0,0,1,16,1,15,4
1,0,2,0,34,10,24,2,0,2,1,0,24,7,17,1,0,2,1,0,17,5,12,1
1,1,3,3,37,11,26,18,1,3,1,3,26,7,19,13,1,3,1,3,19,5,14,9
4,4,1,4,2,1,1,0,4,1,4,4,1,0,1,0,4,1,4,4,1,0,1,0
0,1,3,0,28,2,26,2,1,3,0,0,26,2,24,2,1,3,0,0,24,2,22,2
3,2,2,0,23,16,7,0,2,2,3,0,7,4,3,0,2,2,3,0,3,2,1,0
0,1,0,0,18,1,17,1,1,0,0,0,17,1,16,1,1,0,0,0,16,1,15,1
0,0,1,0,26,2,24,2,0,1,0,0,24,2,22,2,0,1,0,0,22,2,20,1
1,3,1,2,6,1,5,2,3,1,1,2,5,1,4,1,3,1,1,2,4,1,3,1
4,1,0,0,8,7,1,0,1,0,4,0,1,0,1,0,1,0,4,0,1,0,1,0
4,4,3,0,14,13,1,0,4,3,4,0,1,0,1,0,4,3,4,0,1,0,1,0
0,2,3,2,20,1,19,7,2,3,0,2,19,1,18,7,2,3,0,2,18,1,17,6
2,2,2,0,11,4,7,0,2,2,2,0,7,2,5,0,2,2,2,0,5,1,4,0
0,0,1,0,15,1,14,1,0,1,0,0,14,1,13,1,0,1,0,0,13,1,12,1
4,4,2,1,18,17,1,0,4,2,4,1,1,0,1,0,4,2,4,1,1,0,1,0
2,0,3,0,28,11,17,1,0,3,2,0,17,6,11,1,0,3,2,0,11,4,7,0
3,2,3,0,3,2,1,0,2,3,3,0,1,0,1,0,2,3,3,0,1,0,1,0
2,2,2,2,26,10,16,6,2,2,2,2,16,6,10,4,2,2,2,2,10,3,7,2
2,0,4,0,36,14,22,2,0,4,2,0,22,8,14,1,0,4,2,0,14,5,9,0
3,0,3,2,27,18,9,3,0,3,3,2,9,6,3,1,0,3,3,2,3,2,1,0
0,0,4,0,29,2,27,2,0,4,0,0,27,2,25,2,0,4,0,0,25,2,23,2
1,1,1,4,15,4,11,10,1,1,1,4,11,3,8,7,1,1,1,4,8,2,6,5
1,1,0,4,20,6,14,13,1,0,1,4,14,4,10,9,1,0,1,4,10,2,8,7
4,1,1,1,11,10,1,0,1,1,4,1,1,0,1,0,1,1,4,1,1,0,1,0
2,0,3,0,38,15,23,2,0,3,2,0,23,9,14,1,0,3,2,0,14,5,9,0
4,3,4,3,36,34,2,1,3,4,4,3,2,1,1,0,3,4,4,3,1,0,1,0
1,3,1,2,11,3,8,3,3,1,1,2,8,2,6,2,3,1,1,2,6,1,5,2
4,0,4,0,39,36,3,0,0,4,4,0,3,2,1,0,0,4,4,0,1,0,1,0
4,4,1,4,22,20,2,1,4,1,4,4,2,1,1,0,4,1,4,4,1,0,1,0
2,1,4,1,31,12,19,5,1,4,2,1,19,7,12,3,1,4,2,1,12,4,8,2
4,0,3,3,37,35,2,1,0,3,4,3,2,1,1,0,0,3,4,3,1,0,1,0
0,4,2,4,8,0,8,7,4,2,0,4,8,0,8,7,4,2,0,4,8,0,8,7
1,2,2,4,24,7,17,16,2,2,1,4,17,5,12,11,2,2,1,4,12,3,9,8
1,1,0,0,15,4,11,1,1,0,1,0,11,3,8,0,1,0,1,0,8,2,6,0
1,2,3,0,14,4,10,0,2,3,1,0,10,2,8,0,2,3,1,0,8,2,6,0
4,1,2,3,10,9,1,0,1,2,4,3,1,0,1,0,1,2,4,3,1,0,1,0
1,4,0,1,6,1,5,1,4,0,1,1,5,1,4,1,4,0,1,1,4,1,3,0
3,4,4,4,16,11,5,4,4,4,3,4,5,3,2,1,4,4,3,4,2,1,1,0
1,1,2,3,20,5,15,10,1,2,1,3,15,4,11,7,1,2,1,3,11,3,8,5
4,4,4,2,4,3,1,0,4,4,4,2,1,0,1,0,4,4,4,2,1,0,1,0
1,0,2,3,35,10,25,17,0,2,1,3,25,7,18,12,0,2,1,3,18,5,13,9
1,2,4,3,15,4,11,7,2,4,1,3,11,3,8,5,2,4,1,3,8,2,6,4
1,4,3,1,14,4,10,2,4,3,1,1,10,3,7,2,4,3,1,1,7,2,5,1
0,4,0,0,0,0,0,0,4,0,0,0,0,0,0,0,4,0,0,0,0,0,0,0
0,2,0,3,14,1,13,9,2,0,0,3,13,1,12,8,2,0,0,3,12,1,11,7
2,1,0,2,9,3,6,2,1,0,2,2,6,2,4,1,1,0,2,2,4,1,3,1
3,3,3,2,17,11,6,2,3,3,3,2,6,4,2,0,3,3,3,2,2,1,1,0
4,1,4,0,37,35,2,0,1,4,4,0,2,1,1,0,1,4,4,0,1,0,1,0
3,2,3,4,19,13,6,5,2,3,3,4,6,4,2,1,2,3,3,4,2,1,1,0
0,1,2,0,13,1,12,1,1,2,0,0,12,1,11,1,1,2,0,0,11,1,10,0
4,0,4,3,38,36,2,1,0,4,4,3,2,1,1,0,0,4,4,3,1,0,1,0
2,3,3,0,8,3,5,0,3,3,2,0,5,2,3,0,3,3,2,0,3,1,2,0
3,2,1,0,2,1,1,0,2,1,3,0,1,0,1,0,2,1,3,0,1,0,1,0
3,3,4,1,19,13,6,1,3,4,3,1,6,4,2,0,3,4,3,1,2,1,1,0
3,4,3,0,9,6,3,0,4,3,3,0,3,2,1,0,4,3,3,0,1,0,1,0
1,2,0,3,14,4,10,6,2,0,1,3,10,3,7,4,2,0,1,3,7,2,5,3
1,2,0,1,3,0,3,0,2,0,1,1,3,0,3,0,2,0,1,1,3,0,3,0
1,1,1,4,14,4,10,9,1,1,1,4,10,2,8,7,1,1,1,4,8,2,6,5
4,2,1,1,6,5,1,0,2,1,4,1,1,0,1,0,2,1,4,1,1,0,1,0
4,4,1,3,10,9,1,0,4,1,4,3,1,0,1,0,4,1,4,3,1,0,1,0
0,4,3,2,6,0,6,2,4,3,0,2,6,0,6,2,4,3,0,2,6,0,6,2
2,1,3,4,32,12,20,19,1,3,2,4,20,8,12,11,1,3,2,4,12,4,8,7
1,2,4,4,31,9,22,20,2,4,1,4,22,6,16,15,2,4,1,4,16,4,12,11
1,4,1,3,16,4,12,8,4,1,1,3,12,3,9,6,4,1,1,3,9,2,7,4
2,4,4,3,11,4,7,4,4,4,2,3,7,2,5,3,4,4,2,3,5,2,3,2
1,2,4,1,26,7,19,5,2,4,1,1,19,5,14,4,2,4,1,1,14,4,10,2
4,3,0,2,4,3,1,0,3,0,4,2,1,0,1,0,3,0,4,2,1,0,1,0
2,4,1,3,9,3,6,4,4,1,2,3,6,2,4,2,4,1,2,3,4,1,3,2
3,3,0,1,6,4,2,0,3,0,3,1,2,1,1,0,3,0,3,1,1,0,1,0
4,3,0,4,6,5,1,0,3,0,4,4,1,0,1,0,3,0,4,4,1,0,1,0
2,2,2,1,13,5,8,2,2,2,2,1,8,3,5,1,2,2,2,1,5,1,4,1
2,1,3,4,26,10,16,15,1,3,2,4,16,6,10,9,1,3,2,4,10,4,6,5
1,2,3,0,20,5,15,1,2,3,1,0,15,4,11,1,2,3,1,0,11,3,8,0
0,2,2,0,17,1,16,1,2,2,0,0,16,1,15,1,2,2,0,0,15,1,14,1
0,3,1,4,18,1,17,16,3,1,0,4,17,1,16,15,3,1,0,4,16,1,15,14
4,1,1,4,10,9,1,0,1,1,4,4,1,0,1,0,1,1,4,4,1,0,1,0
4,0,2,3,31,29,2,1,0,2,4,3,2,1,1,0,0,2,4,3,1,0,1,0
1,2,0,0,6,1,5,0,2,0,1,0,5,1,4,0,2,0,1,0,4,1,3,0
3,0,3,0,38,26,12,1,0,3,3,0,12,8,4,0,0,3,3,0,4,2,2,0
2,3,2,1,26,10,16,4,3,2,2,1,16,6,10,3,3,2,2,1,10,3,7,2
1,1,4,0,19,5,14,1,1,4,1,0,14,4,10,1,1,4,1,0,10,2,8,0
0,2,0,2,16,1,15,6,2,0,0,2,15,1,14,5,2,0,0,2,14,1,13,5
0,2,2,4,18,1,17,16,2,2,0,4,17,1,16,15,2,2,0,4,16,1,15,14
2,1,0,3,8,3,5,3,1,0,2,3,5,2,3,2,1,0,2,3,3,1,2,1
1,4,2,2,24,7,17,6,4,2,1,2,17,5,12,4,4,2,1,2,12,3,9,3
2,2,1,2,4,1,3,1,2,1,2,2,3,1,2,0,2,1,2,2,2,0,2,0
0,3,3,2,20,1,19,7,3,3,0,2,19,1,18,7,3,3,0,2,18,1,17,6
2,2,4,1,27,10,17,5,2,4,2,1,17,6,11,3,2,4,2,1,11,4,7,2
4,4,4,3,5,4,1,0,4,4,4,3,1,0,1,0,4,4,4,3,1,0,1,0
4,1,2,0,36,34,2,0,1,2,4,0,2,1,1,0,1,2,4,0,1,0,1,0
2,4,1,0,8,3,5,0,4,1,2,0,5,2,3,0,4,1,2,0,3,1,2,0
2,1,4,0,31,12,19,1,1,4,2,0,19,7,12,1,1,4,2,0,12,4,8,0
4,4,3,4,2,1,1,0,4,3,4,4,1,0,1,0,4,3,4,4,1,0,1,0
3,3,3,1,18,12,6,1,3,3,3,1,6,4,2,0,3,3,3,1,2,1,1,0
3,0,2,0,14,9,5,0,0,2,3,0,5,3,2,0,0,2,3,0,2,1,1,0
4,1,3,4,31,29,2,1,1,3,4,4,2,1,1,0,1,3,4,4,1,0,1,0
3,0,4,0,27,18,9,0,0,4,3,0,9,6,3,0,0,4,3,0,3,2,1,0
1,3,3,1,15,4,11,3,3,3,1,1,11,3,8,2,3,3,1,1,8,2,6,1
1,0,0,0,2,0,2,0,0,0,1,0,2,0,2,0,0,0,1,0,2,0,2,0
4,0,1,0,27,25,2,0,0,1,4,0,2,1,1,0,0,1,4,0,1,0,1,0
3,3,2,3,22,15,7,4,3,2,3,3,7,4,3,2,3,2,3,3,3,2,1,0
1,3,1,4,14,4,10,9,3,1,1,4,10,2,8,7,3,1,1,4,8,2,6,5
3,0,1,1,26,18,8,2,0,1,3,1,8,5,3,0,0,1,3,1,3,2,1,0
4,0,0,3,3,2,1,0,0,0,4,3,1,0,1,0,0,0,4,3,1,0,1,0
2,4,1,3,1,0,1,0,4,1,2,3,1,0,1,0,4,1,2,3,1,0,1,0
1,0,3,0,23,6,17,1,0,3,1,0,17,5,12,1,0,3,1,0,12,3,9,0
2,3,1,2,6,2,4,1,3,1,2,2,4,1,3,1,3,1,2,2,3,1,2,0
2,2,4,4,30,11,19,18,2,4,2,4,19,7,12,11,2,4,2,4,12,4,8,7
0,4,3,0,9,0,9,0,4,3,0,0,9,0,9,0,4,3,0,0,9,0,9,0
1,0,2,1,35,10,25,7,0,2,1,1,25,7,18,5,0,2,1,1,18,5,13,3
0,4,4,1,7,0,7,2,4,4,0,1,7,0,7,2,4,4,0,1,7,0,7,2
2,2,2,0,33,13,20,1,2,2,2,0,20,7,13,1,2,2,2,0,13,5,8,0
4,3,1,0,14,13,1,0,3,1,4,0,1,0,1,0,3,1,4,0,1,0,1,0
3,2,0,2,10,7,3,1,2,0,3,2,3,2,1,0,2,0,3,2,1,0,1,0
1,4,4,2,21,6,15,5,4,4,1,2,15,4,11,4,4,4,1,2,11,3,8,3
1,3,4,2,2,0,2,0,3,4,1,2,2,0,2,0,3,4,1,2,2,0,2,0
4,2,4,3,33,31,2,1,2,4,4,3,2,1,1,0,2,4,4,3,1,0,1,0
0,2,4,0,36,3,33,3,2,4,0,0,33,3,30,2,2,4,0,0,30,3,27,2
4,1,4,1,25,23,2,0,1,4,4,1,2,1,1,0,1,4,4,1,1,0,1,0
2,0,4,0,31,12,19,1,0,4,2,0,19,7,12,1,0,4,2,0,12,4,8,0
0,2,1,3,21,2,19,13,2,1,0,3,19,1,18,12,2,1,0,3,18,1,17,11
4,2,1,2,13,12,1,0,2,1,4,2,1,0,1,0,2,1,4,2,1,0,1,0
0,4,3,0,14,1,13,1,4,3,0,0,13,1,12,1,4,3,0,0,12,1,11,1
1,0,4,4,31,9,22,20,0,4,1,4,22,6,16,15,0,4,1,4,16,4,12,11
3,0,3,4,39,27,12,11,0,3,3,4,12,8,4,3,0,3,3,4,4,2,2,1
1,4,2,4,5,1,4,3,4,2,1,4,4,1,3,2,4,2,1,4,3,0,3,2
4,2,3,2,27,25,2,0,2,3,4,2,2,1,1,0,2,3,4,2,1,0,1,0
1,0,2,1,16,4,12,3,0,2,1,1,12,3,9,2,0,2,1,1,9,2,7,2
4,3,1,1,7,6,1,0,3,1,4,1,1,0,1,0,3,1,4,1,1,0,1,0
3,4,3,4,2,1,1,0,4,3,3,4,1,0,1,0,4,3,3,4,1,0,1,0
4,1,1,3,29,27,2,1,1,1,4,3,2,1,1,0,1,1,4,3,1,0,1,0
1,1,0,3,24,7,17,11,1,0,1,3,17,5,12,8,1,0,1,3,12,3,9,6
1,0,1,3,21,6,15,10,0,1,1,3,15,4,11,7,0,1,1,3,11,3,8,5
3,0,3,4,32,22,10,9,0,3,3,4,10,6,4,3,0,3,3,4,4,2,2,1
1,2,4,3,21,6,15,10,2,4,1,3,15,4,11,7,2,4,1,3,11,3,8,5
2,0,4,0,31,12,19,1,0,4,2,0,19,7,12,1,0,4,2,0,12,4,8,0
2,2,1,0,27,10,17,1,2,1,2,0,17,6,11,1,2,1,2,0,11,4,7,0
4,3,3,0,11,10,1,0,3,3,4,0,1,0,1,0,3,3,4,0,1,0,1,0
0,0,2,1,32,3,29,8,0,2,0,1,29,2,27,8,0,2,0,1,27,2,25,7
4,0,0,1,28,26,2,0,0,0,4,1,2,1,1,0,0,0,4,1,1,0,1,0
0,2,2,4,25,2,23,21,2,2,0,4,23,2,21,19,2,2,0,4,21,2,19,18
4,3,1,3,24,22,2,1,3,1,4,3,2,1,1,0,3,1,4,3,1,0,1,0
1,2,0,0,9,2,7,0,2,0,1,0,7,2,5,0,2,0,1,0,5,1,4,0
3,2,0,2,22,15,7,2,2,0,3,2,7,4,3,1,2,0,3,2,3,2,1,0
4,1,0,3,12,11,1,0,1,0,4,3,1,0,1,0,1,0,4,3,1,0,1,0
4,4,4,1,11,10,1,0,4,4,4,1,1,0,1,0,4,4,4,1,1,0,1,0
3,2,3,4,19,13,6,5,2,3,3,4,6,4,2,1,2,3,3,4,2,1,1,0
1,2,3,3,21,6,15,10,2,3,1,3,15,4,11,7,2,3,1,3,11,3,8,5
2,4,1,2,7,2,5,1,4,1,2,2,5,2,3,1,4,1,2,2,3,1,2,0
1,1,2,4,12,3,9,8,1,2,1,4,9,2,7,6,1,2,1,4,7,2,5,4
1,2,3,0,22,6,16,1,2,3,1,0,16,4,12,1,2,3,1,0,12,3,9,0
1,1,0,3,6,1,5,3,1,0,1,3,5,1,4,2,1,0,1,3,4,1,3,2
1,2,4,2,28,8,20,7,2,4,1,2,20,6,14,5,2,4,1,2,14,4,10,3
1,3,1,2,0,0,0,0,3,1,1,2,0,0,0,0,3,1,1,2,0,0,0,0
2,0,0,0,28,11,17,1,0,0,2,0,17,6,11,1,0,0,2,0,11,4,7,0
0,4,2,4,27,2,25,23,4,2,0,4,25,2,23,21,4,2,0,4,23,2,21,19
0,2,1,2,2,0,2,0,2,1,0,2,2,0,2,0,2,1,0,2,2,0,2,0
2,0,0,0,3,1,2,0,0,0,2,0,2,0,2,0,0,0,2,0,2,0,2,0
3,3,4,1,7,4,3,0,3,4,3,1,3,2,1,0,3,4,3,1,1,0,1,0
4,4,0,0,12,11,1,0,4,0,4,0,1,0,1,0,4,0,4,0,1,0,1,0
3,3,3,4,33,23,10,9,3,3,3,4,10,6,4,3,3,3,3,4,4,2,2,1
3,1,2,0,25,17,8,0,1,2,3,0,8,5,3,0,1,2,3,0,3,2,1,0
0,1,1,0,22,2,20,2,1,1,0,0,20,1,19,1,1,1,0,0,19,1,18,1
1,3,1,3,9,2,7,4,3,1,1,3,7,2,5,3,3,1,1,3,5,1,4,2
4,0,2,2,29,27,2,0,0,2,4,2,2,1,1,0,0,2,4,2,1,0,1,0
4,0,0,3,25,23,2,1,0,0,4,3,2,1,1,0,0,0,4,3,1,0,1,0
2,4,0,3,2,0,2,1,4,0,2,3,2,0,2,1,4,0,2,3,2,0,2,1
0,3,2,4,18,1,17,16,3,2,0,4,17,1,16,15,3,2,0,4,16,1,15,14
0,3,4,4,31,3,28,26,3,4,0,4,28,2,26,24,3,4,0,4,26,2,24,22
0,3,2,0,19,1,18,1,3,2,0,0,18,1,17,1,3,2,0,0,17,1,16,1
4,4,3,0,4,3,1,0,4,3,4,0,1,0,1,0,4,3,4,0,1,0,1,0
0,1,3,1,33,3,30,8,1,3,0,1,30,2,28,8,1,3,0,1,28,2,26,7
2,4,1,1,3,1,2,0,4,1,2,1,2,0,2,0,4,1,2,1,2,0,2,0
0,0,0,3,15,1,14,9,0,0,0,3,14,1,13,9,0,0,0,3,13,1,12,8
2,4,0,1,22,8,14,4,4,0,2,1,14,5,9,2,4,0,2,1,9,3,6,1
1,1,1,1,23,6,17,5,1,1,1,1,17,5,12,3,1,1,1,1,12,3,9,2
0,3,2,2,8,0,8,3,3,2,0,2,8,0,8,3,3,2,0,2,8,0,8,3
1,0,3,4,28,8,20,19,0,3,1,4,20,6,14,13,0,3,1,4,14,4,10,9
4,0,3,3,31,29,2,1,0,3,4,3,2,1,1,0,0,3,4,3,1,0,1,0
1,2,0,2,9,2,7,2,2,0,1,2,7,2,5,1,2,0,1,2,5,1,4,1
2,0,2,0,35,13,22,2,0,2,2,0,22,8,14,1,0,2,2,0,14,5,9,0
0,2,0,4,4,0,4,3,2,0,0,4,4,0,4,3,2,0,0,4,4,0,4,3
0,1,2,4,29,2,27,25,1,2,0,4,27,2,25,23,1,2,0,4,25,2,23,21
1,3,2,1,9,2,7,2,3,2,1,1,7,2,5,1,3,2,1,1,5,1,4,1
2,1,3,0,36,14,22,2,1,3,2,0,22,8,14,1,1,3,2,0,14,5,9,0
2,2,2,2,16,6,10,3,2,2,2,2,10,4,6,2,2,2,2,2,6,2,4,1
0,1,2,0,22,2,20,1,1,2,0,0,20,1,19,1,1,2,0,0,19,1,18,1
3,2,1,4,9,6,3,2,2,1,3,4,3,2,1,0,2,1,3,4,1,0,1,0
0,0,3,1,26,2,24,7,0,3,0,1,24,2,22,6,0,3,0,1,22,2,20,6
3,2,4,0,25,17,8,0,2,4,3,0,8,5,3,0,2,4,3,0,3,2,1,0
2,3,4,1,12,4,8,2,3,4,2,1,8,3,5,1,3,4,2,1,5,1,4,1
3,0,1,1,28,19,9,2,0,1,3,1,9,6,3,0,0,1,3,1,3,2,1,0
0,2,4,1,32,3,29,8,2,4,0,1,29,2,27,8,2,4,0,1,27,2,25,7
1,0,0,3,19,5,14,9,0,0,1,3,14,4,10,7,0,0,1,3,10,2,8,5
3,4,2,3,10,7,3,2,4,2,3,3,3,2,1,0,4,2,3,3,1,0,1,0
3,3,3,4,22,15,7,6,3,3,3,4,7,4,3,2,3,3,3,4,3,2,1,0
2,1,4,3,27,10,17,11,1,4,2,3,17,6,11,7,1,4,2,3,11,4,7,4
2,2,0,4,17,6,11,10,2,0,2,4,11,4,7,6,2,0,2,4,7,2,5,4
0,4,1,4,1,0,1,0,4,1,0,4,1,0,1,0,4,1,0,4,1,0,1,0
3,2,0,1,2,1,1,0,2,0,3,1,1,0,1,0,2,0,3,1,1,0,1,0
4,0,3,4,31,29,2,1,0,3,4,4,2,1,1,0,0,3,4,4,1,0,1,0
4,3,0,2,14,13,1,0,3,0,4,2,1,0,1,0,3,0,4,2,1,0,1,0
1,0,2,2,28,8,20,7,0,2,1,2,20,5,15,5,0,2,1,2,15,4,11,4
2,4,0,3,5,1,4,2,4,0,2,3,4,1,3,2,4,0,2,3,3,1,2,1
0,0,2,1,12,1,11,3,0,2,0,1,11,1,10,2,0,2,0,1,10,1,9,2
3,1,0,3,15,10,5,3,1,0,3,3,5,3,2,1,1,0,3,3,2,1,1,0
2,2,4,3,25,10,15,10,2,4,2,3,15,6,9,6,2,4,2,3,9,3,6,4
3,1,1,4,9,6,3,2,1,1,3,4,3,2,1,0,1,1,3,4,1,0,1,0
2,3,0,0,12,4,8,0,3,0,2,0,8,3,5,0,3,0,2,0,5,2,3,0
2,3,0,1,11,4,7,2,3,0,2,1,7,2,5,1,3,0,2,1,5,2,3,0
1,2,2,2,27,8,19,7,2,2,1,2,19,5,14,5,2,2,1,2,14,4,10,4
1,4,3,0,3,0,3,0,4,3,1,0,3,0,3,0,4,3,1,0,3,0,3,0
1,1,0,1,13,3,10,2,1,0,1,1,10,3,7,2,1,0,1,1,7,2,5,1
2,2,0,1,10,4,6,1,2,0,2,1,6,2,4,1,2,0,2,1,4,1,3,0
0,1,0,1,4,0,4,1,1,0,0,1,4,0,4,1,1,0,0,1,4,0,4,1
4,0,4,1,22,20,2,0,0,4,4,1,2,1,1,0,0,4,4,1,1,0,1,0
4,4,1,4,9,8,1,0,4,1,4,4,1,0,1,0,4,1,4,4,1,0,1,0
0,4,2,0,13,1,12,1,4,2,0,0,12,1,11,1,4,2,0,0,11,1,10,0
2,4,3,0,19,7,12,1,4,3,2,0,12,4,8,0,4,3,2,0,8,3,5,0
4,0,3,0,25,23,2,0,0,3,4,0,2,1,1,0,0,3,4,0,1,0,1,0
2,1,4,0,30,12,18,1,1,4,2,0,18,7,11,1,1,4,2,0,11,4,7,0
0,0,1,4,24,2,22,20,0,1,0,4,22,2,20,18,0,1,0,4,20,2,18,17
4,1,0,2,9,8,1,0,1,0,4,2,1,0,1,0,1,0,4,2,1,0,1,0
2,1,3,0,35,13,22,2,1,3,2,0,22,8,14,1,1,3,2,0,14,5,9,0
3,0,3,3,31,21,10,7,0,3,3,3,10,6,4,2,0,3,3,3,4,2,2,1
3,4,0,4,3,2,1,0,4,0,3,4,1,0,1,0,4,0,3,4,1,0,1,0
2,0,2,0,2,0,2,0,0,2,2,0,2,0,2,0,0,2,2,0,2,0,2,0
4,0,2,3,33,31,2,1,0,2,4,3,2,1,1,0,0,2,4,3,1,0,1,0
3,0,3,3,35,24,11,7,0,3,3,3,11,7,4,2,0,3,3,3,4,2,2,1
3,1,4,2,23,16,7,2,1,4,3,2,7,4,3,1,1,4,3,2,3,2,1,0
0,1,2,1,20,2,18,5,1,2,0,1,18,1,17,5,1,2,0,1,17,1,16,4
2,0,4,1,34,13,21,6,0,4,2,1,21,8,13,3,0,4,2,1,13,5,8,2
1,1,4,4,27,8,19,18,1,4,1,4,19,5,14,13,1,4,1,4,14,4,10,9
1,2,1,3,9,2,7,4,2,1,1,3,7,2,5,3,2,1,1,3,5,1,4,2
0,4,4,0,11,1,10,1,4,4,0,0,10,0,10,0,4,4,0,0,10,1,9,0
0,2,0,1,10,1,9,2,2,0,0,1,9,0,9,2,2,0,0,1,9,0,9,2
1,1,4,1,24,7,17,5,1,4,1,1,17,5,12,3,1,4,1,1,12,3,9,2
3,4,2,2,2,1,1,0,4,2,3,2,1,0,1,0,4,2,3,2,1,0,1,0
4,3,2,3,2,1,1,0,3,2,4,3,1,0,1,0,3,2,4,3,1,0,1,0
0,3,4,4,21,2,19,18,3,4,0,4,19,1,18,17,3,4,0,4,18,1,17,16
1,2,0,0,1,0,1,0,2,0,1,0,1,0,1,0,2,0,1,0,1,0,1,0
1,0,2,4,37,11,26,24,0,2,1,4,26,7,19,18,0,2,1,4,19,5,14,13
1,0,2,4,39,11,28,26,0,2,1,4,28,8,20,18,0,2,1,4,20,5,15,14
3,0,4,1,34,23,11,3,0,4,3,1,11,7,4,1,0,4,3,1,4,2,2,0
3,4,3,2,17,11,6,2,4,3,3,2,6,4,2,0,4,3,3,2,2,1,1,0
3,3,3,2,23,16,7,2,3,3,3,2,7,4,3,1,3,3,3,2,3,2,1,0
3,0,3,4,17,11,6,5,0,3,3,4,6,4,2,1,0,3,3,4,2,1,1,0
1,3,0,1,8,2,6,1,3,0,1,1,6,1,5,1,3,0,1,1,5,1,4,1
4,0,3,2,30,28,2,0,0,3,4,2,2,1,1,0,0,3,4,2,1,0,1,0
3,1,1,2,16,11,5,1,1,1,3,2,5,3,2,0,1,1,3,2,2,1,1,0
0,2,1,4,5,0,5,4,2,1,0,4,5,0,5,4,2,1,0,4,5,0,5,4
1,0,3,0,37,11,26,2,0,3,1,0,26,7,19,1,0,3,1,0,19,5,14,1
1,1,2,2,29,8,21,8,1,2,1,2,21,6,15,5,1,2,1,2,15,4,11,4
0,2,0,2,4,0,4,1,2,0,0,2,4,0,4,1,2,0,0,2,4,0,4,1
0,1,2,4,34,3,31,29,1,2,0,4,31,3,28,26,1,2,0,4,28,2,26,24
3,1,0,3,10,7,3,2,1,0,3,3,3,2,1,0,1,0,3,3,1,0,1,0
3,1,1,2,11,7,4,1,1,1,3,2,4,2,2,0,1,1,3,2,2,1,1,0
0,4,4,0,25,2,23,2,4,4,0,0,23,2,21,2,4,4,0,0,21,2,19,1
3,4,3,0,9,6,3,0,4,3,3,0,3,2,1,0,4,3,3,0,1,0,1,0
4,3,0,3,8,7,1,0,3,0,4,3,1,0,1,0,3,0,4,3,1,0,1,0
1,3,3,2,20,5,15,6,3,3,1,2,15,4,11,4,3,3,1,2,11,3,8,3
1,1,2,2,31,9,22,8,1,2,1,2,22,6,16,6,1,2,1,2,16,4,12,4
4,1,4,4,36,34,2,1,1,4,4,4,2,1,1,0,1,4,4,4,1,0,1,0
4,1,0,3,15,14,1,0,1,0,4,3,1,0,1,0,1,0,4,3,1,0,1,0
1,1,3,0,35,10,25,2,1,3,1,0,25,7,18,1,1,3,1,0,18,5,13,1
2,4,4,1,25,10,15,4,4,4,2,1,15,5,10,2,4,4,2,1,10,4,6,1
0,0,4,3,38,3,35,24,0,4,0,3,35,3,32,22,0,4,0,3,32,3,29,20
3,4,2,2,16,11,5,2,4,2,3,2,5,3,2,0,4,2,3,2,2,1,1,0
1,2,2,0,18,5,13,1,2,2,1,0,13,3,10,0,2,2,1,0,10,3,7,0
0,2,3,0,17,1,16,1,2,3,0,0,16,1,15,1,2,3,0,0,15,1,14,1
2,4,4,3,20,7,13,9,4,4,2,3,13,5,8,5,4,4,2,3,8,3,5,3
3,3,2,2,7,4,3,1,3,2,3,2,3,2,1,0,3,2,3,2,1,0,1,0
3,0,1,2,9,6,3,1,0,1,3,2,3,2,1,0,0,1,3,2,1,0,1,0
3,1,0,4,22,15,7,6,1,0,3,4,7,4,3,2,1,0,3,4,3,2,1,0
2,1,3,1,11,4,7,2,1,3,2,1,7,2,5,1,1,3,2,1,5,2,3,0
4,0,4,2,30,28,2,0,0,4,4,2,2,1,1,0,0,4,4,2,1,0,1,0
0,4,4,3,22,2,20,13,4,4,0,3,20,1,19,13,4,4,0,3,19,1,18,12
0,4,2,1,10,1,9,2,4,2,0,1,9,0,9,2,4,2,0,1,9,0,9,2
2,3,2,3,18,7,11,7,3,2,2,3,11,4,7,4,3,2,2,3,7,2,5,3
4,2,1,1,18,17,1,0,2,1,4,1,1,0,1,0,2,1,4,1,1,0,1,0
4,2,0,3,1,0,1,0,2,0,4,3,1,0,1,0,2,0,4,3,1,0,1,0
1,3,0,0,12,3,9,0,3,0,1,0,9,2,7,0,3,0,1,0,7,2,5,0
1,0,2,2,37,11,26,10,0,2,1,2,26,7,19,7,0,2,1,2,19,5,14,5
2,0,2,2,37,14,23,9,0,2,2,2,23,9,14,5,0,2,2,2,14,5,9,3
4,3,3,2,28,26,2,0,3,3,4,2,2,1,1,0,3,3,4,2,1,0,1,0
0,3,0,4,18,1,17,16,3,0,0,4,17,1,16,15,3,0,0,4,16,1,15,14
4,0,1,2,39,37,2,0,0,1,4,2,2,1,1,0,0,1,4,2,1,0,1,0
1,3,2,0,18,5,13,1,3,2,1,0,13,3,10,1,3,2,1,0,10,3,7,0
0,4,4,0,19,1,18,1,4,4,0,0,18,1,17,1,4,4,0,0,17,1,16,1
2,0,0,1,16,6,10,2,0,0,2,1,10,4,6,1,0,0,2,1,6,2,4,1
1,1,4,1,38,11,27,8,1,4,1,1,27,8,19,5,1,4,1,1,19,5,14,4
4,1,0,1,6,5,1,0,1,0,4,1,1,0,1,0,1,0,4,1,1,0,1,0
2,1,1,3,34,13,21,14,1,1,2,3,21,8,13,9,1,1,2,3,13,5,8,5
2,3,3,3,22,8,14,9,3,3,2,3,14,5,9,6,3,3,2,3,9,3,6,4
1,3,1,4,12,3,9,8,3,1,1,4,9,2,7,6,3,1,1,4,7,2,5,4
3,1,3,1,24,16,8,2,1,3,3,1,8,5,3,0,1,3,3,1,3,2,1,0
4,4,1,1,11,10,1,0,4,1,4,1,1,0,1,0,4,1,4,1,1,0,1,0
3,2,1,0,7,4,3,0,2,1,3,0,3,2,1,0,2,1,3,0,1,0,1,0
3,3,3,2,12,8,4,1,3,3,3,2,4,2,2,0,3,3,3,2,2,1,1,0
0,2,2,4,8,0,8,7,2,2,0,4,8,0,8,7,2,2,0,4,8,0,8,7
4,3,0,2,5,4,1,0,3,0,4,2,1,0,1,0,3,0,4,2,1,0,1,0
0,2,2,3,17,1,16,11,2,2,0,3,16,1,15,10,2,2,0,3,15,1,14,9
2,3,3,1,19,7,12,3,3,3,2,1,12,4,8,2,3,3,2,1,8,3,5,1
2,4,3,0,8,3,5,0,4,3,2,0,5,1,4,0,4,3,2,0,4,1,3,0
3,2,0,3,35,24,11,7,2,0,3,3,11,7,4,2,2,0,3,3,4,2,2,1
0,1,3,3,25,2,23,16,1,3,0,3,23,2,21,14,1,3,0,3,21,2,19,13
2,1,0,2,15,6,9,3,1,0,2,2,9,3,6,2,1,0,2,2,6,2,4,1
4,1,2,0,34,32,2,0,1,2,4,0,2,1,1,0,1,2,4,0,1,0,1,0
4,3,4,3,33,31,2,1,3,4,4,3,2,1,1,0,3,4,4,3,1,0,1,0
2,2,1,0,0,0,0,0,2,1,2,0,0,0,0,0,2,1,2,0,0,0,0,0
4,0,1,1,31,29,2,0,0,1,4,1,2,1,1,0,0,1,4,1,1,0,1,0
3,1,3,2,39,27,12,4,1,3,3,2,12,8,4,1,1,3,3,2,4,2,2,0
1,1,2,2,28,8,20,8,1,2,1,2,20,5,15,6,1,2,1,2,15,4,11,4
0,4,0,1,4,0,4,1,4,0,0,1,4,0,4,1,4,0,0,1,4,0,4,1
3,4,0,4,16,11,5,4,4,0,3,4,5,3,2,1,4,0,3,4,2,1,1,0
2,0,1,2,28,11,17,6,0,1,2,2,17,6,11,4,0,1,2,2,11,4,7,2
2,2,2,0,11,4,7,0,2,2,2,0,7,2,5,0,2,2,2,0,5,2,3,0
3,4,2,3,9,6,3,2,4,2,3,3,3,2,1,0,4,2,3,3,1,0,1,0
2,4,0,1,9,3,6,1,4,0,2,1,6,2,4,1,4,0,2,1,4,1,3,0
1,2,3,3,31,9,22,15,2,3,1,3,22,6,16,11,2,3,1,3,16,4,12,8
3,1,3,0,16,11,5,0,1,3,3,0,5,3,2,0,1,3,3,0,2,1,1,0
4,4,4,2,20,18,2,0,4,4,4,2,2,1,1,0,4,4,4,2,1,0,1,0
2,0,2,2,37,14,23,9,0,2,2,2,23,9,14,5,0,2,2,2,14,5,9,3
0,1,4,2,32,3,29,11,1,4,0,2,29,2,27,10,1,4,0,2,27,2,25,9
4,3,2,4,2,1,1,0,3,2,4,4,1,0,1,0,3,2,4,4,1,0,1,0
0,0,1,0,3,0,3,0,0,1,0,0,3,0,3,0,0,1,0,0,3,0,3,0
3,2,2,0,8,5,3,0,2,2,3,0,3,2,1,0,2,2,3,0,1,0,1,0
3,4,2,0,17,11,6,0,4,2,3,0,6,4,2,0,4,2,3,0,2,1,1,0
0,4,4,3,25,2,23,16,4,4,0,3,23,2,21,14,4,4,0,3,21,2,19,13
0,2,2,0,6,0,6,0,2,2,0,0,6,0,6,0,2,2,0,0,6,0,6,0
4,3,3,0,20,18,2,0,3,3,4,0,2,1,1,0,3,3,4,0,1,0,1,0
4,0,2,4,35,33,2,1,0,2,4,4,2,1,1,0,0,2,4,4,1,0,1,0
0,4,1,0,9,0,9,0,4,1,0,0,9,0,9,0,4,1,0,0,9,0,9,0
0,4,3,2,8,0,8,3,4,3,0,2,8,0,8,3,4,3,0,2,8,0,8,3
4,4,1,1,2,1,1,0,4,1,4,1,1,0,1,0,4,1,4,1,1,0,1,0
3,0,3,1,25,17,8,2,0,3,3,1,8,5,3,0,0,3,3,1,3,2,1,0
3,0,1,0,10,6,4,0,0,1,3,0,4,2,2,0,0,1,3,0,2,1,1,0
1,1,3,0,27,8,19,1,1,3,1,0,19,5,14,1,1,3,1,0,14,4,10,1
1,2,4,3,20,5,15,10,2,4,1,3,15,4,11,7,2,4,1,3,11,3,8,5
3,2,4,3,30,20,10,7,2,4,3,3,10,6,4,2,2,4,3,3,4,2,2,1
0,2,2,3,24,2,22,15,2,2,0,3,22,2,20,14,2,2,0,3,20,1,19,13
3,0,2,1,27,18,9,2,0,2,3,1,9,6,3,0,0,2,3,1,3,2,1,0
4,1,0,1,0,0,0,0,1,0,4,1,0,0,0,0,1,0,4,1,0,0,0,0
3,4,3,1,15,10,5,1,4,3,3,1,5,3,2,0,4,3,3,1,2,1,1,0
4,4,3,3,8,7,1,0,4,3,4,3,1,0,1,0,4,3,4,3,1,0,1,0
3,2,1,1,10,6,4,1,2,1,3,1,4,2,2,0,2,1,3,1,2,1,1,0
3,0,0,3,5,3,2,1,0,0,3,3,2,1,1,0,0,0,3,3,1,0,1,0
1,3,2,0,11,3,8,0,3,2,1,0,8,2,6,0,3,2,1,0,6,1,5,0
2,1,3,4,29,11,18,17,1,3,2,4,18,7,11,10,1,3,2,4,11,4,7,6
0,2,4,2,28,2,26,10,2,4,0,2,26,2,24,9,2,4,0,2,24,2,22,8
2,3,3,1,13,5,8,2,3,3,2,1,8,3,5,1,3,3,2,1,5,2,3,0
2,0,1,4,18,7,11,10,0,1,2,4,11,4,7,6,0,1,2,4,7,2,5,4
2,4,3,3,2,0,2,1,4,3,2,3,2,0,2,1,4,3,2,3,2,0,2,1
1,0,3,0,31,9,22,2,0,3,1,0,22,6,16,1,0,3,1,0,16,4,12,1
1,0,2,3,14,4,10,7,0,2,1,3,10,3,7,4,0,2,1,3,7,2,5,3
4,2,4,1,35,33,2,0,2,4,4,1,2,1,1,0,2,4,4,1,1,0,1,0
0,0,3,0,37,3,34,3,0,3,0,0,34,3,31,3,0,3,0,0,31,3,28,2
0,4,2,0,6,0,6,0,4,2,0,0,6,0,6,0,4,2,0,0,6,0,6,0
3,0,2,1,30,21,9,2,0,2,3,1,9,6,3,0,0,2,3,1,3,2,1,0
3,0,3,3,38,26,12,8,0,3,3,3,12,8,4,2,0,3,3,3,4,2,2,1
4,3,1,3,26,24,2,1,3,1,4,3,2,1,1,0,3,1,4,3,1,0,1,0
0,0,2,2,39,3,36,14,0,2,0,2,36,3,33,13,0,2,0,2,33,3,30,11
1,2,4,4,31,9,22,20,2,4,1,4,22,6,16,15,2,4,1,4,16,4,12,11
4,2,1,2,34,32,2,0,2,1,4,2,2,1,1,0,2,1,4,2,1,0,1,0
2,2,0,4,9,3,6,5,2,0,2,4,6,2,4,3,2,0,2,4,4,1,3,2
3,4,0,1,5,3,2,0,4,0,3,1,2,1,1,0,4,0,3,1,1,0,1,0
3,4,4,0,7,4,3,0,4,4,3,0,3,2,1,0,4,4,3,0,1,0,1,0
1,4,1,1,10,2,8,2,4,1,1,1,8,2,6,1,4,1,1,1,6,1,5,1
3,2,0,3,10,6,4,2,2,0,3,3,4,2,2,1,2,0,3,3,2,1,1,0
3,1,3,4,36,25,11,10,1,3,3,4,11,7,4,3,1,3,3,4,4,2,2,1
3,0,2,1,24,16,8,2,0,2,3,1,8,5,3,0,0,2,3,1,3,2,1,0
4,4,0,4,19,18,1,0,4,0,4,4,1,0,1,0,4,0,4,4,1,0,1,0
0,4,1,2,0,0,0,0,4,1,0,2,0,0,0,0,4,1,0,2,0,0,0,0
4,1,4,0,26,24,2,0,1,4,4,0,2,1,1,0,1,4,4,0,1,0,1,0
4,0,2,0,21,19,2,0,0,2,4,0,2,1,1,0,0,2,4,0,1,0,1,0
4,4,3,4,22,20,2,1,4,3,4,4,2,1,1,0,4,3,4,4,1,0,1,0
1,4,0,2,1,0,1,0,4,0,1,2,1,0,1,0,4,0,1,2,1,0,1,0
4,0,1,4,1,0,1,0,0,1,4,4,1,0,1,0,0,1,4,4,1,0,1,0
2,3,4,2,7,2,5,1,3,4,2,2,5,2,3,1,3,4,2,2,3,1,2,0
3,3,2,1,22,15,7,2,3,2,3,1,7,4,3,0,3,2,3,1,3,2,1,0
0,3,2,1,9,0,9,2,3,2,0,1,9,0,9,2,3,2,0,1,9,0,9,2
0,3,3,1,16,1,15,4,3,3,0,1,15,1,14,4,3,3,0,1,14,1,13,3
4,3,0,4,8,7,1,0,3,0,4,4,1,0,1,0,3,0,4,4,1,0,1,0
4,0,1,3,28,26,2,1,0,1,4,3,2,1,1,0,0,1,4,3,1,0,1,0
4,4,0,0,3,2,1,0,4,0,4,0,1,0,1,0,4,0,4,0,1,0,1,0
2,1,1,3,5,1,4,2,1,1,2,3,4,1,3,2,1,1,2,3,3,1,2,1
1,1,1,0,10,3,7,0,1,1,1,0,7,2,5,0,1,1,1,0,5,1,4,0
1,3,2,1,12,3,9,2,3,2,1,1,9,2,7,2,3,2,1,1,7,2,5,1
3,0,3,1,33,23,10,2,0,3,3,1,10,6,4,1,0,3,3,1,4,2,2,0
0,1,1,2,1,0,1,0,1,1,0,2,1,0,1,0,1,1,0,2,1,0,1,0
2,0,2,2,35,13,22,8,0,2,2,2,22,8,14,5,0,2,2,2,14,5,9,3
3,1,1,0,12,8,4,0,1,1,3,0,4,2,2,0,1,1,3,0,2,1,1,0
0,4,2,0,11,1,10,0,4,2,0,0,10,1,9,0,4,2,0,0,9,0,9,0
3,0,4,1,33,23,10,2,0,4,3,1,10,7,3,0,0,4,3,1,3,2,1,0
0,3,1,0,20,2,18,1,3,1,0,0,18,1,17,1,3,1,0,0,17,1,16,1
4,0,0,3,20,18,2,1,0,0,4,3,2,1,1,0,0,0,4,3,1,0,1,0
0,0,1,1,27,2,25,7,0,1,0,1,25,2,23,6,0,1,0,1,23,2,21,6
4,0,3,1,39,37,2,0,0,3,4,1,2,1,1,0,0,3,4,1,1,0,1,0
4,1,2,0,29,27,2,0,1,2,4,0,2,1,1,0,1,2,4,0,1,0,1,0
4,0,4,2,36,34,2,0,0,4,4,2,2,1,1,0,0,4,4,2,1,0,1,0
4,2,4,2,29,27,2,0,2,4,4,2,2,1,1,0,2,4,4,2,1,0,1,0
0,4,0,3,2,0,2,1,4,0,0,3,2,0,2,1,4,0,0,3,2,0,2,1
1,0,1,3,23,6,17,11,0,1,1,3,17,5,12,8,0,1,1,3,12,3,9,6
2,1,1,3,21,8,13,9,1,1,2,3,13,5,8,5,1,1,2,3,8,3,5,3
0,4,0,2,20,1,19,7,4,0,0,2,19,1,18,7,4,0,0,2,18,1,17,6
1,3,3,1,19,5,14,4,3,3,1,1,14,4,10,3,3,3,1,1,10,2,8,2
4,4,0,1,13,12,1,0,4,0,4,1,1,0,1,0,4,0,4,1,1,0,1,0
4,1,2,4,21,19,2,1,1,2,4,4,2,1,1,0,1,2,4,4,1,0,1,0
4,0,0,3,21,19,2,1,0,0,4,3,2,1,1,0,0,0,4,3,1,0,1,0
0,0,2,3,31,3,28,19,0,2,0,3,28,2,26,18,0,2,0,3,26,2,24,16
4,1,0,1,18,17,1,0,1,0,4,1,1,0,1,0,1,0,4,1,1,0,1,0
3,1,2,4,23,16,7,6,1,2,3,4,7,4,3,2,1,2,3,4,3,2,1,0
0,3,3,2,15,1,14,5,3,3,0,2,14,1,13,5,3,3,0,2,13,1,12,4
3,3,2,2,3,2,1,0,3,2,3,2,1,0,1,0,3,2,3,2,1,0,1,0
1,1,0,3,8,2,6,4,1,0,1,3,6,1,5,3,1,0,1,3,5,1,4,2
0,4,0,0,3,0,3,0,4,0,0,0,3,0,3,0,4,0,0,0,3,0,3,0
0,4,2,2,13,1,12,4,4,2,0,2,12,1,11,4,4,2,0,2,11,1,10,4
3,3,1,3,13,9,4,2,3,1,3,3,4,2,2,1,3,1,3,3,2,1,1,0
3,4,3,2,1,0,1,0,4,3,3,2,1,0,1,0,4,3,3,2,1,0,1,0
3,1,0,1,10,7,3,0,1,0,3,1,3,2,1,0,1,0,3,1,1,0,1,0
0,3,4,4,16,1,15,14,3,4,0,4,15,1,14,13,3,4,0,4,14,1,13,12
1,2,0,2,16,4,12,4,2,0,1,2,12,3,9,3,2,0,1,2,9,2,7,2
1,1,4,4,18,5,13,12,1,4,1,4,13,3,10,9,1,4,1,4,10,3,7,6
0,1,4,1,37,3,34,10,1,4,0,1,34,3,31,9,1,4,0,1,31,3,28,8
4,2,1,1,8,7,1,0,2,1,4,1,1,0,1,0,2,1,4,1,1,0,1,0
2,2,2,3,5,2,3,2,2,2,2,3,3,1,2,1,2,2,2,3,2,0,2,1
3,2,3,1,39,27,12,3,2,3,3,1,12,8,4,1,2,3,3,1,4,2,2,0
1,1,3,3,11,3,8,5,1,3,1,3,8,2,6,4,1,3,1,3,6,1,5,3
3,1,1,1,32,22,10,2,1,1,3,1,10,7,3,0,1,1,3,1,3,2,1,0
1,4,1,1,21,6,15,4,4,1,1,1,15,4,11,3,4,1,1,1,11,3,8,2
1,2,4,1,32,9,23,6,2,4,1,1,23,6,17,5,2,4,1,1,17,5,12,3
0,1,0,1,12,1,11,3,1,0,0,1,11,1,10,2,1,0,0,1,10,0,10,2
4,3,1,1,3,2,1,0,3,1,4,1,1,0,1,0,3,1,4,1,1,0,1,0
4,2,1,4,12,11,1,0,2,1,4,4,1,0,1,0,2,1,4,4,1,0,1,0
3,0,4,4,39,27,12,11,0,4,3,4,12,8,4,3,0,4,3,4,4,2,2,1
1,2,3,2,35,10,25,9,2,3,1,2,25,7,18,7,2,3,1,2,18,5,13,5
0,2,1,4,5,0,5,4,2,1,0,4,5,0,5,4,2,1,0,4,5,0,5,4
1,4,1,4,3,0,3,2,4,1,1,4,3,0,3,2,4,1,1,4,3,0,3,2
2,1,0,1,9,3,6,1,1,0,2,1,6,2,4,1,1,0,2,1,4,1,3,0
0,3,0,3,16,1,15,10,3,0,0,3,15,1,14,9,3,0,0,3,14,1,13,9
4,2,3,2,20,18,2,0,2,3,4,2,2,1,1,0,2,3,4,2,1,0,1,0
1,2,1,0,12,3,9,0,2,1,1,0,9,2,7,0,2,1,1,0,7,2,5,0
4,0,2,1,22,20,2,0,0,2,4,1,2,1,1,0,0,2,4,1,1,0,1,0
2,2,0,0,14,5,9,0,2,0,2,0,9,3,6,0,2,0,2,0,6,2,4,0
4,0,3,4,37,35,2,1,0,3,4,4,2,1,1,0,0,3,4,4,1,0,1,0
2,1,0,1,9,3,6,1,1,0,2,1,6,2,4,1,1,0,2,1,4,1,3,0
1,3,3,4,21,6,15,14,3,3,1,4,15,4,11,10,3,3,1,4,11,3,8,7
4,4,4,0,1,0,1,0,4,4,4,0,1,0,1,0,4,4,4,0,1,0,1,0
0,0,0,1,0,0,0,0,0,0,0,1,0,0,0,0,0,0,0,1,0,0,0,0
1,2,1,1,5,1,4,1,2,1,1,1,4,1,3,0,2,1,1,1,3,0,3,0
2,1,4,0,28,11,17,1,1,4,2,0,17,6,11,1,1,4,2,0,11,4,7,0
2,1,3,0,35,14,21,2,1,3,2,0,21,8,13,1,1,3,2,0,13,5,8,0
2,4,2,0,14,5,9,0,4,2,2,0,9,3,6,0,4,2,2,0,6,2,4,0
2,1,0,3,11,4,7,4,1,0,2,3,7,2,5,3,1,0,2,3,5,1,4,2
4,4,3,0,18,17,1,0,4,3,4,0,1,0,1,0,4,3,4,0,1,0,1,0
3,3,3,4,20,14,6,5,3,3,3,4,6,4,2,1,3,3,3,4,2,1,1,0
2,4,4,1,28,11,17,5,4,4,2,1,17,6,11,3,4,4,2,1,11,4,7,2
2,1,0,0,11,4,7,0,1,0,2,0,7,2,5,0,1,0,2,0,5,1,4,0
3,4,2,1,5,3,2,0,4,2,3,1,2,1,1,0,4,2,3,1,1,0,1,0
0,3,0,2,6,0,6,2,3,0,0,2,6,0,6,2,3,0,0,2,6,0,6,2
4,4,4,2,9,8,1,0,4,4,4,2,1,0,1,0,4,4,4,2,1,0,1,0
1,2,4,1,31,9,22,6,2,4,1,1,22,6,16,4,2,4,1,1,16,4,12,3
3,2,2,4,20,14,6,5,2,2,3,4,6,4,2,1,2,2,3,4,2,1,1,0
4,1,4,4,35,33,2,1,1,4,4,4,2,1,1,0,1,4,4,4,1,0,1,0
1,2,4,0,16,4,12,1,2,4,1,0,12,3,9,0,2,4,1,0,9,2,7,0
0,2,2,4,13,1,12,11,2,2,0,4,12,1,11,10,2,2,0,4,11,1,10,9
4,2,3,3,20,19,1,0,2,3,4,3,1,0,1,0,2,3,4,3,1,0,1,0
2,2,4,2,29,11,18,7,2,4,2,2,18,7,11,4,2,4,2,2,11,4,7,2
3,0,2,3,34,23,11,7,0,2,3,3,11,7,4,2,0,2,3,3,4,2,2,1
4,0,4,2,26,24,2,0,0,4,4,2,2,1,1,0,0,4,4,2,1,0,1,0
2,3,3,0,0,0,0,0,3,3,2,0,0,0,0,0,3,3,2,0,0,0,0,0
1,3,0,3,7,2,5,3,3,0,1,3,5,1,4,2,3,0,1,3,4,1,3,2
4,2,1,4,0,0,0,0,2,1,4,4,0,0,0,0,2,1,4,4,0,0,0,0
4,4,0,3,6,5,1,0,4,0,4,3,1,0,1,0,4,0,4,3,1,0,1,0
3,4,2,4,13,9,4,3,4,2,3,4,4,2,2,1,4,2,3,4,2,1,1,0
4,3,0,2,15,14,1,0,3,0,4,2,1,0,1,0,3,0,4,2,1,0,1,0
0,3,4,4,24,2,22,20,3,4,0,4,22,2,20,19,3,4,0,4,20,1,19,18
3,1,4,3,33,23,10,6,1,4,3,3,10,6,4,2,1,4,3,3,4,2,2,1
0,1,0,0,1,0,1,0,1,0,0,0,1,0,1,0,1,0,0,0,1,0,1,0
3,0,4,3,39,27,12,8,0,4,3,3,12,8,4,2,0,4,3,3,4,2,2,1
3,3,2,3,5,3,2,1,3,2,3,3,2,1,1,0,3,2,3,3,1,0,1,0
1,4,4,0,24,7,17,1,4,4,1,0,17,5,12,1,4,4,1,0,12,3,9,0
0,4,2,2,17,1,16,6,4,2,0,2,16,1,15,6,4,2,0,2,15,1,14,5
2,3,4,2,17,6,11,4,3,4,2,2,11,4,7,2,3,4,2,2,7,2,5,1
2,1,1,3,19,7,12,8,1,1,2,3,12,4,8,5,1,1,2,3,8,3,5,3
1,2,2,0,20,6,14,1,2,2,1,0,14,4,10,1,2,2,1,0,10,2,8,0
2,0,4,4,38,15,23,21,0,4,2,4,23,9,14,13,0,4,2,4,14,5,9,8
4,3,0,0,4,3,1,0,3,0,4,0,1,0,1,0,3,0,4,0,1,0,1,0
2,3,3,1,15,6,9,2,3,3,2,1,9,3,6,1,3,3,2,1,6,2,4,1
1,3,3,4,6,1,5,4,3,3,1,4,5,1,4,3,3,3,1,4,4,1,3,2
3,3,3,4,15,10,5,4,3,3,3,4,5,3,2,1,3,3,3,4,2,1,1,0
0,1,1,0,12,1,11,1,1,1,0,0,11,1,10,1,1,1,0,0,10,0,10,0
1,2,2,1,33,9,24,7,2,2,1,1,24,7,17,5,2,2,1,1,17,5,12,3
4,3,3,4,8,7,1,0,3,3,4,4,1,0,1,0,3,3,4,4,1,0,1,0
3,3,4,4,24,16,8,7,3,4,3,4,8,5,3,2,3,4,3,4,3,2,1,0
1,4,1,3,7,2,5,3,4,1,1,3,5,1,4,2,4,1,1,3,4,1,3,2
3,4,1,4,10,7,3,2,4,1,3,4,3,2,1,0,4,1,3,4,1,0,1,0
4,0,3,1,34,32,2,0,0,3,4,1,2,1,1,0,0,3,4,1,1,0,1,0
0,4,4,3,17,1,16,11,4,4,0,3,16,1,15,10,4,4,0,3,15,1,14,9
4,4,1,0,8,7,1,0,4,1,4,0,1,0,1,0,4,1,4,0,1,0,1,0
2,0,2,4,28,11,17,16,0,2,2,4,17,6,11,10,0,2,2,4,11,4,7,6
2,0,3,2,22,8,14,5,0,3,2,2,14,5,9,3,0,3,2,2,9,3,6,2
2,0,2,0,30,12,18,1,0,2,2,0,18,7,11,1,0,2,2,0,11,4,7,0
3,1,1,1,6,4,2,0,1,1,3,1,2,1,1,0,1,1,3,1,1,0,1,0
1,2,2,0,8,2,6,0,2,2,1,0,6,1,5,0,2,2,1,0,5,1,4,0
3,0,0,4,2,1,1,0,0,0,3,4,1,0,1,0,0,0,3,4,1,0,1,0
2,4,0,3,3,1,2,1,4,0,2,3,2,0,2,1,4,0,2,3,2,0,2,1
2,2,2,0,12,4,8,0,2,2,2,0,8,3,5,0,2,2,2,0,5,1,4,0
3,1,4,2,20,14,6,2,1,4,3,2,6,4,2,0,1,4,3,2,2,1,1,0
1,0,0,2,9,2,7,2,0,0,1,2,7,2,5,1,0,0,1,2,5,1,4,1
0,0,2,2,30,3,27,10,0,2,0,2,27,2,25,9,0,2,0,2,25,2,23,9
3,3,0,4,15,10,5,4,3,0,3,4,5,3,2,1,3,0,3,4,2,1,1,0
0,1,1,0,10,1,9,0,1,1,0,0,9,0,9,0,1,1,0,0,9,0,9,0
0,3,4,3,26,2,24,16,3,4,0,3,24,2,22,15,3,4,0,3,22,2,20,13
2,0,2,0,24,9,15,1,0,2,2,0,15,5,10,0,0,2,2,0,10,3,7,0
0,4,4,3,13,1,12,8,4,4,0,3,12,1,11,7,4,4,0,3,11,1,10,7
2,0,0,4,11,4,7,6,0,0,2,4,7,2,5,4,0,0,2,4,5,2,3,2
4,1,4,1,35,33,2,0,1,4,4,1,2,1,1,0,1,4,4,1,1,0,1,0
0,1,4,0,34,3,31,3,1,4,0,0,31,3,28,2,1,4,0,0,28,2,26,2
0,2,1,0,4,0,4,0,2,1,0,0,4,0,4,0,2,1,0,0,4,0,4,0
0,0,0,1,10,0,10,2,0,0,0,1,10,0,10,2,0,0,0,1,10,1,9,2
2,3,3,4,18,7,11,10,3,3,2,4,11,4,7,6,3,3,2,4,7,2,5,4
1,3,4,0,18,5,13,1,3,4,1,0,13,3,10,0,3,4,1,0,10,2,8,0
1,0,2,1,32,9,23,6,0,2,1,1,23,6,17,5,0,2,1,1,17,5,12,3
0,0,0,3,21,2,19,13,0,0,0,3,19,1,18,12,0,0,0,3,18,1,17,11
0,3,3,0,17,1,16,1,3,3,0,0,16,1,15,1,3,3,0,0,15,1,14,1
4,0,4,2,37,35,2,0,0,4,4,2,2,1,1,0,0,4,4,2,1,0,1,0
1,4,0,1,0,0,0,0,4,0,1,1,0,0,0,0,4,0,1,1,0,0,0,0
2,1,1,2,24,9,15,5,1,1,2,2,15,5,10,4,1,1,2,2,10,4,6,2
4,1,3,4,19,18,1,0,1,3,4,4,1,0,1,0,1,3,4,4,1,0,1,0
4,4,2,4,8,7,1,0,4,2,4,4,1,0,1,0,4,2,4,4,1,0,1,0
1,0,2,1,36,10,26,7,0,2,1,1,26,7,19,5,0,2,1,1,19,5,14,4
0,4,0,0,2,0,2,0,4,0,0,0,2,0,2,0,4,0,0,0,2,0,2,0
2,1,3,2,36,14,22,8,1,3,2,2,22,8,14,5,1,3,2,2,14,5,9,3
1,3,2,0,4,1,3,0,3,2,1,0,3,0,3,0,3,2,1,0,3,0,3,0
1,1,0,3,8,2,6,4,1,0,1,3,6,1,5,3,1,0,1,3,5,1,4,2
1,0,4,4,38,11,27,25,0,4,1,4,27,8,19,18,0,4,1,4,19,5,14,13
3,2,0,0,5,3,2,0,2,0,3,0,2,1,1,0,2,0,3,0,1,0,1,0
3,0,2,0,17,11,6,0,0,2,3,0,6,4,2,0,0,2,3,0,2,1,1,0
4,1,1,3,4,3,1,0,1,1,4,3,1,0,1,0,1,1,4,3,1,0,1,0
1,3,0,1,2,0,2,0,3,0,1,1,2,0,2,0,3,0,1,1,2,0,2,0
0,1,1,4,11,1,10,9,1,1,0,4,10,0,10,9,1,1,0,4,10,1,9,8
3,3,2,4,3,2,1,0,3,2,3,4,1,0,1,0,3,2,3,4,1,0,1,0
1,2,0,1,9,2,7,2,2,0,1,1,7,2,5,1,2,0,1,1,5,1,4,1
0,2,0,1,1,0,1,0,2,0,0,1,1,0,1,0,2,0,0,1,1,0,1,0
0,2,2,3,10,1,9,6,2,2,0,3,9,0,9,6,2,2,0,3,9,0,9,6
0,1,3,0,26,2,24,2,1,3,0,0,24,2,22,2,1,3,0,0,22,2,20,2
4,4,0,1,16,15,1,0,4,0,4,1,1,0,1,0,4,0,4,1,1,0,1,0
3,2,2,4,14,9,5,4,2,2,3,4,5,3,2,1,2,2,3,4,2,1,1,0
4,2,3,2,16,15,1,0,2,3,4,2,1,0,1,0,2,3,4,2,1,0,1,0
2,2,3,3,27,10,17,11,2,3,2,3,17,6,11,7,2,3,2,3,11,4,7,4
0,0,0,0,14,1,13,1,0,0,0,0,13,1,12,1,0,0,0,0,12,1,11,1
3,4,4,4,2,1,1,0,4,4,3,4,1,0,1,0,4,4,3,4,1,0,1,0
2,4,2,4,1,0,1,0,4,2,2,4,1,0,1,0,4,2,2,4,1,0,1,0
1,4,2,3,14,4,10,7,4,2,1,3,10,2,8,5,4,2,1,3,8,2,6,4
4,1,1,0,17,16,1,0,1,1,4,0,1,0,1,0,1,1,4,0,1,0,1,0
1,2,1,1,0,0,0,0,2,1,1,1,0,0,0,0,2,1,1,1,0,0,0,0
3,0,0,2,16,11,5,1,0,0,3,2,5,3,2,0,0,0,3,2,2,1,1,0
2,3,4,3,26,10,16,11,3,4,2,3,16,6,10,6,3,4,2,3,10,4,6,4
1,4,2,0,17,5,12,1,4,2,1,0,12,3,9,0,4,2,1,0,9,2,7,0
0,0,1,1,29,2,27,8,0,1,0,1,27,2,25,7,0,1,0,1,25,2,23,6
4,4,1,4,3,2,1,0,4,1,4,4,1,0,1,0,4,1,4,4,1,0,1,0
3,2,3,1,28,19,9,2,2,3,3,1,9,6,3,0,2,3,3,1,3,2,1,0
0,2,1,1,16,1,15,4,2,1,0,1,15,1,14,4,2,1,0,1,14,1,13,3
4,2,1,0,15,14,1,0,2,1,4,0,1,0,1,0,2,1,4,0,1,0,1,0
4,4,3,4,15,14,1,0,4,3,4,4,1,0,1,0,4,3,4,4,1,0,1,0
0,0,2,0,22,2,20,2,0,2,0,0,20,1,19,1,0,2,0,0,19,1,18,1
4,4,1,0,9,8,1,0,4,1,4,0,1,0,1,0,4,1,4,0,1,0,1,0
3,0,3,4,30,21,9,8,0,3,3,4,9,6,3,2,0,3,3,4,3,2,1,0
1,1,1,3,13,3,10,7,1,1,1,3,10,2,8,5,1,1,1,3,8,2,6,4
2,0,3,0,26,10,16,1,0,3,2,0,16,6,10,1,0,3,2,0,10,4,6,0
1,1,1,0,27,8,19,1,1,1,1,0,19,5,14,1,1,1,1,0,14,4,10,0
2,3,0,4,3,1,2,1,3,0,2,4,2,0,2,1,3,0,2,4,2,0,2,1
0,4,4,3,15,1,14,9,4,4,0,3,14,1,13,9,4,4,0,3,13,1,12,8
2,3,0,3,0,0,0,0,3,0,2,3,0,0,0,0,3,0,2,3,0,0,0,0
1,3,1,1,18,5,13,3,3,1,1,1,13,3,10,2,3,1,1,1,10,2,8,2
4,4,1,2,14,13,1,0,4,1,4,2,1,0,1,0,4,1,4,2,1,0,1,0
3,1,1,3,21,14,7,4,1,1,3,3,7,4,3,2,1,1,3,3,3,2,1,0
3,2,1,1,12,8,4,1,2,1,3,1,4,2,2,0,2,1,3,1,2,1,1,0
0,1,3,1,35,3,32,9,1,3,0,1,32,3,29,8,1,3,0,1,29,2,27,8
2,4,1,4,0,0,0,0,4,1,2,4,0,0,0,0,4,1,2,4,0,0,0,0
0,2,3,3,26,2,24,16,2,3,0,3,24,2,22,15,2,3,0,3,22,2,20,14
1,4,4,3,13,3,10,7,4,4,1,3,10,2,8,5,4,4,1,3,8,2,6,4
4,0,1,0,13,12,1,0,0,1,4,0,1,0,1,0,0,1,4,0,1,0,1,0
0,4,3,0,4,0,4,0,4,3,0,0,4,0,4,0,4,3,0,0,4,0,4,0
1,4,2,3,17,5,12,8,4,2,1,3,12,3,9,6,4,2,1,3,9,2,7,4
1,2,4,2,31,9,22,8,2,4,1,2,22,6,16,6,2,4,1,2,16,4,12,4
0,0,1,3,28,2,26,18,0,1,0,3,26,2,24,16,0,1,0,3,24,2,22,15
2,0,2,4,9,3,6,5,0,2,2,4,6,2,4,3,0,2,2,4,4,1,3,2
3,1,1,4,23,16,7,6,1,1,3,4,7,4,3,2,1,1,3,4,3,2,1,0
0,1,3,2,20,1,19,7,1,3,0,2,19,1,18,7,1,3,0,2,18,1,17,6
1,2,0,2,12,3,9,3,2,0,1,2,9,2,7,2,2,0,1,2,7,2,5,1
0,1,2,2,15,1,14,5,1,2,0,2,14,1,13,5,1,2,0,2,13,1,12,4
4,4,3,0,2,1,1,0,4,3,4,0,1,0,1,0,4,3,4,0,1,0,1,0
4,3,0,4,16,15,1,0,3,0,4,4,1,0,1,0,3,0,4,4,1,0,1,0
4,3,0,1,4,3,1,0,3,0,4,1,1,0,1,0,3,0,4,1,1,0,1,0
0,0,3,3,38,3,35,24,0,3,0,3,35,3,32,22,0,3,0,3,32,3,29,20
4,3,1,4,20,19,1,0,3,1,4,4,1,0,1,0,3,1,4,4,1,0,1,0
3,0,4,2,17,11,6,2,0,4,3,2,6,4,2,0,0,4,3,2,2,1,1,0
2,1,0,4,1,0,1,0,1,0,2,4,1,0,1,0,1,0,2,4,1,0,1,0
2,4,2,2,9,3,6,2,4,2,2,2,6,2,4,1,4,2,2,2,4,1,3,1
4,2,2,2,10,9,1,0,2,2,4,2,1,0,1,0,2,2,4,2,1,0,1,0
1,2,4,3,26,7,19,13,2,4,1,3,19,5,14,9,2,4,1,3,14,4,10,7
3,1,4,2,25,17,8,3,1,4,3,2,8,5,3,1,1,4,3,2,3,2,1,0
3,2,2,2,15,10,5,2,2,2,3,2,5,3,2,0,2,2,3,2,2,1,1,0
0,4,4,2,14,1,13,5,4,4,0,2,13,1,12,4,4,4,0,2,12,1,11,4
4,1,2,4,35,33,2,1,1,2,4,4,2,1,1,0,1,2,4,4,1,0,1,0
3,0,1,4,23,16,7,6,0,1,3,4,7,4,3,2,0,1,3,4,3,2,1,0
0,0,2,1,18,1,17,5,0,2,0,1,17,1,16,4,0,2,0,1,16,1,15,4
3,0,0,1,26,18,8,2,0,0,3,1,8,5,3,0,0,0,3,1,3,2,1,0
0,3,4,0,24,2,22,2,3,4,0,0,22,2,20,2,3,4,0,0,20,2,18,1
2,3,0,2,16,6,10,4,3,0,2,2,10,3,7,2,3,0,2,2,7,2,5,2
0,1,1,0,8,0,8,0,1,1,0,0,8,0,8,0,1,1,0,0,8,0,8,0
1,2,0,1,11,3,8,2,2,0,1,1,8,2,6,1,2,0,1,1,6,1,5,1
4,4,3,3,18,17,1,0,4,3,4,3,1,0,1,0,4,3,4,3,1,0,1,0
0,3,4,3,10,0,10,7,3,4,0,3,10,0,10,7,3,4,0,3,10,1,9,6
0,3,4,2,14,1,13,5,3,4,0,2,13,1,12,4,3,4,0,2,12,1,11,4
2,3,4,0,21,8,13,1,3,4,2,0,13,5,8,0,3,4,2,0,8,3,5,0
3,0,3,2,26,18,8,3,0,3,3,2,8,5,3,1,0,3,3,2,3,2,1,0
2,1,1,4,15,6,9,8,1,1,2,4,9,3,6,5,1,1,2,4,6,2,4,3
4,1,1,0,17,16,1,0,1,1,4,0,1,0,1,0,1,1,4,0,1,0,1,0
4,4,0,1,4,3,1,0,4,0,4,1,1,0,1,0,4,0,4,1,1,0,1,0
0,1,4,1,35,3,32,9,1,4,0,1,32,3,29,8,1,4,0,1,29,2,27,8
1,0,0,2,9,2,7,2,0,0,1,2,7,2,5,2,0,0,1,2,5,1,4,1
2,0,4,1,35,14,21,6,0,4,2,1,21,8,13,3,0,4,2,1,13,5,8,2
1,2,2,0,13,3,10,0,2,2,1,0,10,3,7,0,2,2,1,0,7,2,5,0
3,2,3,0,32,22,10,1,2,3,3,0,10,6,4,0,2,3,3,0,4,2,2,0
4,1,4,4,35,33,2,1,1,4,4,4,2,1,1,0,1,4,4,4,1,0,1,0
1,0,3,0,18,5,13,1,0,3,1,0,13,3,10,1,0,3,1,0,10,2,8,0
3,1,2,2,32,22,10,4,1,2,3,2,10,7,3,1,1,2,3,2,3,2,1,0
2,3,2,3,8,3,5,3,3,2,2,3,5,2,3,2,3,2,2,3,3,1,2,1
2,4,4,1,15,5,10,3,4,4,2,1,10,4,6,1,4,4,2,1,6,2,4,1
3,2,0,2,8,5,3,1,2,0,3,2,3,2,1,0,2,0,3,2,1,0,1,0
0,4,0,4,7,0,7,6,4,0,0,4,7,0,7,6,4,0,0,4,7,0,7,6
1,0,3,4,35,10,25,23,0,3,1,4,25,7,18,17,0,3,1,4,18,5,13,12
4,0,2,0,19,18,1,0,0,2,4,0,1,0,1,0,0,2,4,0,1,0,1,0
3,3,4,3,10,7,3,2,3,4,3,3,3,2,1,0,3,4,3,3,1,0,1,0
4,1,1,4,17,16,1,0,1,1,4,4,1,0,1,0,1,1,4,4,1,0,1,0
1,1,0,2,6,1,5,2,1,0,1,2,5,1,4,1,1,0,1,2,4,1,3,1
2,1,0,1,14,5,9,2,1,0,2,1,9,3,6,1,1,0,2,1,6,2,4,1
4,2,0,1,17,16,1,0,2,0,4,1,1,0,1,0,2,0,4,1,1,0,1,0
4,4,2,2,4,3,1,0,4,2,4,2,1,0,1,0,4,2,4,2,1,0,1,0
2,2,1,3,12,4,8,5,2,1,2,3,8,3,5,3,2,1,2,3,5,2,3,2
4,3,4,2,23,21,2,0,3,4,4,2,2,1,1,0,3,4,4,2,1,0,1,0
2,1,2,1,24,9,15,4,1,2,2,1,15,5,10,3,1,2,2,1,10,3,7,2
0,0,0,4,15,1,14,13,0,0,0,4,14,1,13,12,0,0,0,4,13,1,12,11
2,1,1,4,26,10,16,15,1,1,2,4,16,6,10,9,1,1,2,4,10,4,6,5
1,1,3,4,31,9,22,20,1,3,1,4,22,6,16,15,1,3,1,4,16,4,12,11
2,1,2,2,26,10,16,6,1,2,2,2,16,6,10,3,1,2,2,2,10,4,6,2
4,3,1,3,7,6,1,0,3,1,4,3,1,0,1,0,3,1,4,3,1,0,1,0
2,1,3,0,24,9,15,1,1,3,2,0,15,5,10,1,1,3,2,0,10,4,6,0
4,4,2,0,2,1,1,0,4,2,4,0,1,0,1,0,4,2,4,0,1,0,1,0
3,3,3,1,33,23,10,2,3,3,3,1,10,6,4,1,3,3,3,1,4,2,2,0
3,3,3,3,14,9,5,3,3,3,3,3,5,3,2,1,3,3,3,3,2,1,1,0
4,3,4,4,15,14,1,0,3,4,4,4,1,0,1,0,3,4,4,4,1,0,1,0
4,1,4,1,31,29,2,0,1,4,4,1,2,1,1,0,1,4,4,1,1,0,1,0
4,0,4,4,33,31,2,1,0,4,4,4,2,1,1,0,0,4,4,4,1,0,1,0
0,1,4,4,29,2,27,25,1,4,0,4,27,2,25,23,1,4,0,4,25,2,23,21
3,0,0,4,29,20,9,8,0,0,3,4,9,6,3,2,0,0,3,4,3,2,1,0
0,4,2,2,7,0,7,2,4,2,0,2,7,0,7,2,4,2,0,2,7,0,7,2
2,2,4,1,32,12,20,5,2,4,2,1,20,8,12,3,2,4,2,1,12,4,8,2
1,4,3,0,10,2,8,0,4,3,1,0,8,2,6,0,4,3,1,0,6,1,5,0
2,2,1,1,6,2,4,1,2,1,2,1,4,1,3,0,2,1,2,1,3,1,2,0
1,3,0,0,3,0,3,0,3,0,1,0,3,0,3,0,3,0,1,0,3,0,3,0
4,4,4,4,13,12,1,0,4,4,4,4,1,0,1,0,4,4,4,4,1,0,1,0
1,0,2,0,33,9,24,2,0,2,1,0,24,7,17,1,0,2,1,0,17,5,12,1
1,2,2,0,12,3,9,0,2,2,1,0,9,2,7,0,2,2,1,0,7,2,5,0
3,2,3,1,34,23,11,3,2,3,3,1,11,7,4,1,2,3,3,1,4,2,2,0
3,4,1,4,2,1,1,0,4,1,3,4,1,0,1,0,4,1,3,4,1,0,1,0
4,1,0,4,2,1,1,0,1,0,4,4,1,0,1,0,1,0,4,4,1,0,1,0
2,2,1,4,7,2,5,4,2,1,2,4,5,1,4,3,2,1,2,4,4,1,3,2
1,3,3,4,0,0,0,0,3,3,1,4,0,0,0,0,3,3,1,4,0,0,0,0
4,2,1,1,4,3,1,0,2,1,4,1,1,0,1,0,2,1,4,1,1,0,1,0
0,4,4,0,5,0,5,0,4,4,0,0,5,0,5,0,4,4,0,0,5,0,5,0
1,0,0,3,8,2,6,4,0,0,1,3,6,1,5,3,0,0,1,3,5,1,4,2
3,0,3,4,39,27,12,11,0,3,3,4,12,8,4,3,0,3,3,4,4,2,2,1
2,4,1,1,3,1,2,0,4,1,2,1,2,0,2,0,4,1,2,1,2,0,2,0
3,3,2,3,9,6,3,2,3,2,3,3,3,2,1,0,3,2,3,3,1,0,1,0
0,3,2,4,23,2,21,19,3,2,0,4,21,2,19,18,3,2,0,4,19,1,18,17
3,2,1,0,2,1,1,0,2,1,3,0,1,0,1,0,2,1,3,0,1,0,1,0
0,4,2,2,4,0,4,1,4,2,0,2,4,0,4,1,4,2,0,2,4,0,4,1
3,3,2,3,12,8,4,2,3,2,3,3,4,2,2,1,3,2,3,3,2,1,1,0
3,0,0,0,11,7,4,0,0,0,3,0,4,2,2,0,0,0,3,0,2,1,1,0
0,4,3,2,7,0,7,2,4,3,0,2,7,0,7,2,4,3,0,2,7,0,7,2
4,0,0,2,21,19,2,0,0,0,4,2,2,1,1,0,0,0,4,2,1,0,1,0
4,3,1,4,8,7,1,0,3,1,4,4,1,0,1,0,3,1,4,4,1,0,1,0
3,0,4,4,35,24,11,10,0,4,3,4,11,7,4,3,0,4,3,4,4,2,2,1
2,1,4,0,33,13,20,2,1,4,2,0,20,7,13,1,1,4,2,0,13,5,8,0
3,1,2,3,37,25,12,8,1,2,3,3,12,8,4,2,1,2,3,3,4,2,2,1
3,4,2,4,3,2,1,0,4,2,3,4,1,0,1,0,4,2,3,4,1,0,1,0
1,0,2,4,23,6,17,16,0,2,1,4,17,5,12,11,0,2,1,4,12,3,9,8
1,0,4,1,22,6,16,4,0,4,1,1,16,4,12,3,0,4,1,1,12,3,9,2
3,3,0,1,5,3,2,0,3,0,3,1,2,1,1,0,3,0,3,1,1,0,1,0
4,0,1,2,32,30,2,0,0,1,4,2,2,1,1,0,0,1,4,2,1,0,1,0
1,4,3,0,0,0,0,0,4,3,1,0,0,0,0,0,4,3,1,0,0,0,0,0
2,0,2,4,16,6,10,9,0,2,2,4,10,3,7,6,0,2,2,4,7,2,5,4
0,4,2,2,14,1,13,5,4,2,0,2,13,1,12,4,4,2,0,2,12,1,11,4
4,4,0,4,2,1,1,0,4,0,4,4,1,0,1,0,4,0,4,4,1,0,1,0
1,4,2,1,0,0,0,0,4,2,1,1,0,0,0,0,4,2,1,1,0,0,0,0
2,2,3,2,37,14,23,9,2,3,2,2,23,9,14,5,2,3,2,2,14,5,9,3
0,4,0,0,6,0,6,0,4,0,0,0,6,0,6,0,4,0,0,0,6,0,6,0
0,3,3,2,15,1,14,5,3,3,0,2,14,1,13,5,3,3,0,2,13,1,12,4
3,3,4,0,13,9,4,0,3,4,3,0,4,2,2,0,3,4,3,0,2,1,1,0
1,1,2,4,25,7,18,17,1,2,1,4,18,5,13,12,1,2,1,4,13,3,10,9
4,4,2,1,19,18,1,0,4,2,4,1,1,0,1,0,4,2,4,1,1,0,1,0
1,1,4,0,33,9,24,2,1,4,1,0,24,7,17,1,1,4,1,0,17,5,12,1
3,0,3,0,18,12,6,0,0,3,3,0,6,4,2,0,0,3,3,0,2,1,1,0
4,0,3,0,30,28,2,0,0,3,4,0,2,1,1,0,0,3,4,0,1,0,1,0
2,2,2,3,34,13,21,14,2,2,2,3,21,8,13,9,2,2,2,3,13,5,8,5
3,3,2,1,9,6,3,0,3,2,3,1,3,2,1,0,3,2,3,1,1,0,1,0
0,2,1,4,29,2,27,25,2,1,0,4,27,2,25,23,2,1,0,4,25,2,23,21
3,3,4,2,13,9,4,1,3,4,3,2,4,2,2,0,3,4,3,2,2,1,1,0
3,4,1,1,8,5,3,0,4,1,3,1,3,2,1,0,4,1,3,1,1,0,1,0
2,3,2,3,8,3,5,3,3,2,2,3,5,1,4,2,3,2,2,3,4,1,3,2
0,2,0,0,15,1,14,1,2,0,0,0,14,1,13,1,2,0,0,0,13,1,12,1
3,0,3,1,28,19,9,2,0,3,3,1,9,6,3,0,0,3,3,1,3,2,1,0
3,1,0,4,14,9,5,4,1,0,3,4,5,3,2,1,1,0,3,4,2,1,1,0
2,0,0,0,23,9,14,1,0,0,2,0,14,5,9,0,0,0,2,0,9,3,6,0
4,1,0,2,18,17,1,0,1,0,4,2,1,0,1,0,1,0,4,2,1,0,1,0
2,2,1,1,4,1,3,0,2,1,2,1,3,1,2,0,2,1,2,1,2,0,2,0
2,2,0,0,4,1,3,0,2,0,2,0,3,1,2,0,2,0,2,0,2,0,2,0
4,2,2,2,22,20,2,0,2,2,4,2,2,1,1,0,2,2,4,2,1,0,1,0
2,1,2,4,15,6,9,8,1,2,2,4,9,3,6,5,1,2,2,4,6,2,4,3
3,3,3,2,9,6,3,1,3,3,3,2,3,2,1,0,3,3,3,2,1,0,1,0
0,3,4,4,2,0,2,1,3,4,0,4,2,0,2,1,3,4,0,4,2,0,2,1
3,2,2,3,21,14,7,4,2,2,3,3,7,4,3,2,2,2,3,3,3,2,1,0
1,1,2,0,33,9,24,2,1,2,1,0,24,7,17,1,1,2,1,0,17,5,12,1
3,4,1,2,12,8,4,1,4,1,3,2,4,2,2,0,4,1,3,2,2,1,1,0
0,2,4,1,38,3,35,10,2,4,0,1,35,3,32,9,2,4,0,1,32,3,29,8
0,3,0,3,2,0,2,1,3,0,0,3,2,0,2,1,3,0,0,3,2,0,2,1
4,4,3,2,14,13,1,0,4,3,4,2,1,0,1,0,4,3,4,2,1,0,1,0
2,0,4,1,34,13,21,6,0,4,2,1,21,8,13,3,0,4,2,1,13,5,8,2
4,4,2,1,6,5,1,0,4,2,4,1,1,0,1,0,4,2,4,1,1,0,1,0
3,4,1,3,7,4,3,2,4,1,3,3,3,2,1,0,4,1,3,3,1,0,1,0
2,3,1,3,26,10,16,11,3,1,2,3,16,6,10,7,3,1,2,3,10,4,6,4
0,0,1,1,15,1,14,4,0,1,0,1,14,1,13,3,0,1,0,1,13,1,12,3
2,1,1,1,23,9,14,4,1,1,2,1,14,5,9,2,1,1,2,1,9,3,6,1
3,1,1,4,14,9,5,4,1,1,3,4,5,3,2,1,1,1,3,4,2,1,1,0
4,4,0,0,6,5,1,0,4,0,4,0,1,0,1,0,4,0,4,0,1,0,1,0
2,2,0,0,5,1,4,0,2,0,2,0,4,1,3,0,2,0,2,0,3,1,2,0
3,2,1,3,17,11,6,4,2,1,3,3,6,4,2,1,2,1,3,3,2,1,1,0
0,1,1,0,6,0,6,0,1,1,0,0,6,0,6,0,1,1,0,0,6,0,6,0
0,2,4,3,25,2,23,16,2,4,0,3,23,2,21,14,2,4,0,3,21,2,19,13
0,2,2,4,23,2,21,19,2,2,0,4,21,2,19,18,2,2,0,4,19,1,18,17
1,3,3,4,23,6,17,16,3,3,1,4,17,5,12,11,3,3,1,4,12,3,9,8
4,0,1,4,20,19,1,0,0,1,4,4,1,0,1,0,0,1,4,4,1,0,1,0
2,2,2,4,11,4,7,6,2,2,2,4,7,2,5,4,2,2,2,4,5,1,4,3
1,2,4,2,29,8,21,8,2,4,1,2,21,6,15,6,2,4,1,2,15,4,11,4
3,3,0,4,27,18,9,8,3,0,3,4,9,6,3,2,3,0,3,4,3,2,1,0
0,1,0,0,6,0,6,0,1,0,0,0,6,0,6,0,1,0,0,0,6,0,6,0
3,3,1,0,2,1,1,0,3,1,3,0,1,0,1,0,3,1,3,0,1,0,1,0
1,4,4,2,0,0,0,0,4,4,1,2,0,0,0,0,4,4,1,2,0,0,0,0
2,0,4,3,39,15,24,16,0,4,2,3,24,9,15,10,0,4,2,3,15,5,10,6
1,1,1,1,13,3,10,2,1,1,1,1,10,3,7,2,1,1,1,1,7,2,5,1
1,3,1,2,14,4,10,3,3,1,1,2,10,3,7,2,3,1,1,2,7,2,5,2
1,4,4,4,9,2,7,6,4,4,1,4,7,2,5,4,4,4,1,4,5,1,4,3
0,3,1,1,0,0,0,0,3,1,0,1,0,0,0,0,3,1,0,1,0,0,0,0
3,2,4,0,33,23,10,0,2,4,3,0,10,7,3,0,2,4,3,0,3,2,1,0
1,3,0,0,3,0,3,0,3,0,1,0,3,0,3,0,3,0,1,0,3,0,3,0
4,4,2,0,11,10,1,0,4,2,4,0,1,0,1,0,4,2,4,0,1,0,1,0
2,3,4,3,36,14,22,15,3,4,2,3,22,8,14,9,3,4,2,3,14,5,9,6
2,1,3,4,20,8,12,11,1,3,2,4,12,4,8,7,1,3,2,4,8,3,5,4
3,1,4,1,37,25,12,3,1,4,3,1,12,8,4,1,1,4,3,1,4,2,2,0
2,1,2,0,28,11,17,1,1,2,2,0,17,6,11,1,1,2,2,0,11,4,7,0
2,3,0,3,14,5,9,6,3,0,2,3,9,3,6,4,3,0,2,3,6,2,4,2
2,4,0,2,27,10,17,6,4,0,2,2,17,6,11,4,4,0,2,2,11,4,7,2
3,2,4,1,27,18,9,2,2,4,3,1,9,6,3,0,2,4,3,1,3,2,1,0
2,3,4,2,27,10,17,6,3,4,2,2,17,6,11,4,3,4,2,2,11,4,7,2
2,3,2,1,31,12,19,5,3,2,2,1,19,7,12,3,3,2,2,1,12,4,8,2
4,1,0,0,12,11,1,0,1,0,4,0,1,0,1,0,1,0,4,0,1,0,1,0
1,0,4,4,36,10,26,24,0,4,1,4,26,7,19,18,0,4,1,4,19,5,14,13
2,2,4,3,23,9,14,9,2,4,2,3,14,5,9,6,2,4,2,3,9,3,6,4
4,0,1,4,12,11,1,0,0,1,4,4,1,0,1,0,0,1,4,4,1,0,1,0
2,4,0,3,12,4,8,5,4,0,2,3,8,3,5,3,4,0,2,3,5,2,3,2
1,4,0,1,0,0,0,0,4,0,1,1,0,0,0,0,4,0,1,1,0,0,0,0
0,2,0,0,26,2,24,2,2,0,0,0,24,2,22,2,2,0,0,0,22,2,20,1
2,2,0,4,10,3,7,6,2,0,2,4,7,2,5,4,2,0,2,4,5,1,4,3
4,4,0,1,1,0,1,0,4,0,4,1,1,0,1,0,4,0,4,1,1,0,1,0
4,0,0,3,5,4,1,0,0,0,4,3,1,0,1,0,0,0,4,3,1,0,1,0
3,0,1,4,11,7,4,3,0,1,3,4,4,2,2,1,0,1,3,4,2,1,1,0
3,4,3,4,1,0,1,0,4,3,3,4,1,0,1,0,4,3,3,4,1,0,1,0
3,4,0,0,7,4,3,0,4,0,3,0,3,2,1,0,4,0,3,0,1,0,1,0
0,3,0,4,26,2,24,22,3,0,0,4,24,2,22,20,3,0,0,4,22,2,20,18
0,3,3,2,23,2,21,8,3,3,0,2,21,2,19,7,3,3,0,2,19,1,18,7
4,3,4,4,17,16,1,0,3,4,4,4,1,0,1,0,3,4,4,4,1,0,1,0
3,4,4,4,9,6,3,2,4,4,3,4,3,2,1,0,4,4,3,4,1,0,1,0
0,1,3,4,36,3,33,31,1,3,0,4,33,3,30,28,1,3,0,4,30,3,27,25
1,2,3,0,16,4,12,1,2,3,1,0,12,3,9,0,2,3,1,0,9,2,7,0
3,1,2,1,36,25,11,3,1,2,3,1,11,7,4,1,1,2,3,1,4,2,2,0
3,2,3,3,12,8,4,2,2,3,3,3,4,2,2,1,2,3,3,3,2,1,1,0
4,0,0,3,17,16,1,0,0,0,4,3,1,0,1,0,0,0,4,3,1,0,1,0
2,1,0,1,10,3,7,2,1,0,2,1,7,2,5,1,1,0,2,1,5,1,4,1
0,1,4,0,37,3,34,3,1,4,0,0,34,3,31,3,1,4,0,0,31,3,28,2
2,2,2,0,2,0,2,0,2,2,2,0,2,0,2,0,2,2,2,0,2,0,2,0
0,0,0,1,7,0,7,2,0,0,0,1,7,0,7,2,0,0,0,1,7,0,7,2
3,2,4,1,13,9,4,1,2,4,3,1,4,2,2,0,2,4,3,1,2,1,1,0
4,1,3,4,27,25,2,1,1,3,4,4,2,1,1,0,1,3,4,4,1,0,1,0
4,1,1,1,18,17,1,0,1,1,4,1,1,0,1,0,1,1,4,1,1,0,1,0
4,3,3,0,12,11,1,0,3,3,4,0,1,0,1,0,3,3,4,0,1,0,1,0
0,1,0,3,8,0,8,5,1,0,0,3,8,0,8,5,1,0,0,3,8,0,8,5
4,1,0,2,14,13,1,0,1,0,4,2,1,0,1,0,1,0,4,2,1,0,1,0
1,1,4,0,22,6,16,1,1,4,1,0,16,4,12,1,1,4,1,0,12,3,9,0
3,4,3,3,10,7,3,2,4,3,3,3,3,2,1,0,4,3,3,3,1,0,1,0
0,0,1,3,12,1,11,7,0,1,0,3,11,1,10,7,0,1,0,3,10,1,9,6
1,2,1,2,11,3,8,3,2,1,1,2,8,2,6,2,2,1,1,2,6,1,5,1
0,4,0,4,4,0,4,3,4,0,0,4,4,0,4,3,4,0,0,4,4,0,4,3
0,2,0,4,16,1,15,14,2,0,0,4,15,1,14,13,2,0,0,4,14,1,13,12
0,4,0,2,11,1,10,3,4,0,0,2,10,0,10,3,4,0,0,2,10,1,9,3
2,3,4,3,32,12,20,14,3,4,2,3,20,7,13,9,3,4,2,3,13,5,8,5
1,2,0,4,16,4,12,11,2,0,1,4,12,3,9,8,2,0,1,4,9,2,7,6
3,0,3,1,35,24,11,3,0,3,3,1,11,7,4,1,0,3,3,1,4,2,2,0
2,0,1,3,15,6,9,6,0,1,2,3,9,3,6,4,0,1,2,3,6,2,4,2
2,2,2,4,14,5,9,8,2,2,2,4,9,3,6,5,2,2,2,4,6,2,4,3
4,4,4,1,9,8,1,0,4,4,4,1,1,0,1,0,4,4,4,1,1,0,1,0
3,4,1,0,23,16,7,0,4,1,3,0,7,4,3,0,4,1,3,0,3,2,1,0
3,0,0,2,19,13,6,2,0,0,3,2,6,4,2,0,0,0,3,2,2,1,1,0
1,0,0,3,3,0,3,2,0,0,1,3,3,0,3,2,0,0,1,3,3,0,3,2
0,3,0,3,7,0,7,4,3,0,0,3,7,0,7,4,3,0,0,3,7,0,7,4
3,1,0,1,10,6,4,1,1,0,3,1,4,2,2,0,1,0,3,1,2,1,1,0
2,2,1,4,10,3,7,6,2,1,2,4,7,2,5,4,2,1,2,4,5,2,3,2
1,0,0,3,35,10,25,17,0,0,1,3,25,7,18,12,0,0,1,3,18,5,13,9
4,0,4,0,30,28,2,0,0,4,4,0,2,1,1,0,0,4,4,0,1,0,1,0
1,0,2,0,27,8,19,1,0,2,1,0,19,5,14,1,0,2,1,0,14,4,10,0
0,0,3,3,21,2,19,13,0,3,0,3,19,1,18,12,0,3,0,3,18,1,17,11
0,3,3,3,14,1,13,9,3,3,0,3,13,1,12,8,3,3,0,3,12,1,11,7
3,0,3,3,32,22,10,6,0,3,3,3,10,6,4,2,0,3,3,3,4,2,2,1
0,1,0,2,13,1,12,4,1,0,0,2,12,1,11,4,1,0,0,2,11,1,10,4
1,0,3,0,32,9,23,2,0,3,1,0,23,6,17,1,0,3,1,0,17,5,12,1
3,4,4,4,17,11,6,5,4,4,3,4,6,4,2,1,4,4,3,4,2,1,1,0
2,0,3,3,29,11,18,12,0,3,2,3,18,7,11,7,0,3,2,3,11,4,7,4
1,3,3,3,30,8,22,15,3,3,1,3,22,6,16,11,3,3,1,3,16,4,12,8
4,0,3,1,34,32,2,0,0,3,4,1,2,1,1,0,0,3,4,1,1,0,1,0
3,4,2,0,10,7,3,0,4,2,3,0,3,2,1,0,4,2,3,0,1,0,1,0
3,4,4,1,2,1,1,0,4,4,3,1,1,0,1,0,4,4,3,1,1,0,1,0
4,0,4,2,36,34,2,0,0,4,4,2,2,1,1,0,0,4,4,2,1,0,1,0
0,4,0,1,17,1,16,4,4,0,0,1,16,1,15,4,4,0,0,1,15,1,14,4
3,2,4,2,30,20,10,3,2,4,3,2,10,7,3,1,2,4,3,2,3,2,1,0
2,2,4,1,33,13,20,5,2,4,2,1,20,8,12,3,2,4,2,1,12,4,8,2
2,2,2,0,9,3,6,0,2,2,2,0,6,2,4,0,2,2,2,0,4,1,3,0
2,4,3,1,15,6,9,2,4,3,2,1,9,3,6,1,4,3,2,1,6,2,4,1
0,4,2,3,12,1,11,7,4,2,0,3,11,1,10,7,4,2,0,3,10,1,9,6
4,3,3,4,7,6,1,0,3,3,4,4,1,0,1,0,3,3,4,4,1,0,1,0
2,3,4,0,9,3,6,0,3,4,2,0,6,2,4,0,3,4,2,0,4,1,3,0
0,2,4,0,31,3,28,2,2,4,0,0,28,2,26,2,2,4,0,0,26,2,24,2
2,2,0,0,2,0,2,0,2,0,2,0,2,0,2,0,2,0,2,0,2,0,2,0
4,3,4,2,17,16,1,0,3,4,4,2,1,0,1,0,3,4,4,2,1,0,1,0
1,1,3,3,36,10,26,18,1,3,1,3,26,7,19,13,1,3,1,3,19,5,14,9
0,2,2,4,38,3,35,33,2,2,0,4,35,3,32,30,2,2,0,4,32,3,29,27
4,3,1,3,23,21,2,1,3,1,4,3,2,1,1,0,3,1,4,3,1,0,1,0
0,2,0,0,1,0,1,0,2,0,0,0,1,0,1,0,2,0,0,0,1,0,1,0
4,2,4,4,29,27,2,1,2,4,4,4,2,1,1,0,2,4,4,4,1,0,1,0
2,2,4,4,15,5,10,9,2,4,2,4,10,3,7,6,2,4,2,4,7,2,5,4
3,0,3,4,28,19,9,8,0,3,3,4,9,6,3,2,0,3,3,4,3,2,1,0
1,0,1,2,22,6,16,6,0,1,1,2,16,4,12,4,0,1,1,2,12,3,9,3
0,1,2,1,30,3,27,8,1,2,0,1,27,2,25,7,1,2,0,1,25,2,23,6
2,1,1,1,17,6,11,3,1,1,2,1,11,4,7,2,1,1,2,1,7,2,5,1
0,4,0,4,3,0,3,2,4,0,0,4,3,0,3,2,4,0,0,4,3,0,3,2
2,3,0,1,0,0,0,0,3,0,2,1,0,0,0,0,3,0,2,1,0,0,0,0
0,3,2,3,16,1,15,10,3,2,0,3,15,1,14,9,3,2,0,3,14,1,13,9
4,0,4,1,32,30,2,0,0,4,4,1,2,1,1,0,0,4,4,1,1,0,1,0
3,1,0,0,3,2,1,0,1,0,3,0,1,0,1,0,1,0,3,0,1,0,1,0
0,1,2,0,14,1,13,1,1,2,0,0,13,1,12,1,1,2,0,0,12,1,11,1
2,2,4,3,37,14,23,16,2,4,2,3,23,9,14,9,2,4,2,3,14,5,9,6
3,2,4,0,18,12,6,0,2,4,3,0,6,4,2,0,2,4,3,0,2,1,1,0
1,2,3,2,38,11,27,10,2,3,1,2,27,8,19,7,2,3,1,2,19,5,14,5
1,1,0,4,1,0,1,0,1,0,1,4,1,0,1,0,1,0,1,4,1,0,1,0
0,0,1,0,21,2,19,1,0,1,0,0,19,1,18,1,0,1,0,0,18,1,17,1
4,3,2,0,21,19,2,0,3,2,4,0,2,1,1,0,3,2,4,0,1,0,1,0
2,1,0,4,8,3,5,4,1,0,2,4,5,1,4,3,1,0,2,4,4,1,3,2
2,0,1,0,20,7,13,1,0,1,2,0,13,5,8,0,0,1,2,0,8,3,5,0
0,2,4,2,12,1,11,4,2,4,0,2,11,1,10,4,2,4,0,2,10,1,9,3
2,2,4,1,37,14,23,6,2,4,2,1,23,9,14,4,2,4,2,1,14,5,9,2
4,3,4,3,28,26,2,1,3,4,4,3,2,1,1,0,3,4,4,3,1,0,1,0
4,2,3,1,18,17,1,0,2,3,4,1,1,0,1,0,2,3,4,1,1,0,1,0
2,0,0,1,3,1,2,0,0,0,2,1,2,0,2,0,0,0,2,1,2,0,2,0
2,4,0,0,10,3,7,0,4,0,2,0,7,2,5,0,4,0,2,0,5,1,4,0
4,1,4,3,30,28,2,1,1,4,4,3,2,1,1,0,1,4,4,3,1,0,1,0
4,1,1,0,8,7,1,0,1,1,4,0,1,0,1,0,1,1,4,0,1,0,1,0
3,4,3,3,16,11,5,3,4,3,3,3,5,3,2,1,4,3,3,3,2,1,1,0
1,0,2,2,12,3,9,3,0,2,1,2,9,2,7,2,0,2,1,2,7,2,5,2
0,3,1,3,14,1,13,9,3,1,0,3,13,1,12,8,3,1,0,3,12,1,11,7
3,1,1,0,13,9,4,0,1,1,3,0,4,2,2,0,1,1,3,0,2,1,1,0
0,1,1,3,11,1,10,6,1,1,0,3,10,0,10,7,1,1,0,3,10,1,9,6
3,2,3,1,28,19,9,2,2,3,3,1,9,6,3,0,2,3,3,1,3,2,1,0
1,4,2,1,8,2,6,1,4,2,1,1,6,1,5,1,4,2,1,1,5,1,4,1
2,1,3,3,31,12,19,13,1,3,2,3,19,7,12,8,1,3,2,3,12,4,8,5
0,3,1,4,11,1,10,9,3,1,0,4,10,1,9,8,3,1,0,4,9,0,9,8
2,3,3,4,37,14,23,21,3,3,2,4,23,9,14,13,3,3,2,4,14,5,9,8
3,4,0,2,1,0,1,0,4,0,3,2,1,0,1,0,4,0,3,2,1,0,1,0
1,1,3,2,19,5,14,5,1,3,1,2,14,4,10,4,1,3,1,2,10,3,7,2
2,3,2,1,3,1,2,0,3,2,2,1,2,0,2,0,3,2,2,1,2,0,2,0
2,3,4,2,8,3,5,1,3,4,2,2,5,1,4,1,3,4,2,2,4,1,3,1
4,3,2,3,13,12,1,0,3,2,4,3,1,0,1,0,3,2,4,3,1,0,1,0
3,0,1,4,27,18,9,8,0,1,3,4,9,6,3,2,0,1,3,4,3,2,1,0
3,0,2,2,38,26,12,4,0,2,3,2,12,8,4,1,0,2,3,2,4,2,2,0
2,0,4,3,25,9,16,11,0,4,2,3,16,6,10,7,0,4,2,3,10,4,6,4
0,1,2,3,23,2,21,14,1,2,0,3,21,2,19,13,1,2,0,3,19,1,18,12
0,3,1,4,1,0,1,0,3,1,0,4,1,0,1,0,3,1,0,4,1,0,1,0
1,4,0,1,10,2,8,2,4,0,1,1,8,2,6,1,4,0,1,1,6,1,5,1
2,3,1,4,1,0,1,0,3,1,2,4,1,0,1,0,3,1,2,4,1,0,1,0
1,2,1,3,13,3,10,6,2,1,1,3,10,2,8,5,2,1,1,3,8,2,6,4
4,3,1,3,10,9,1,0,3,1,4,3,1,0,1,0,3,1,4,3,1,0,1,0
1,4,2,4,9,2,7,6,4,2,1,4,7,2,5,4,4,2,1,4,5,1,4,3
0,4,3,2,19,1,18,7,4,3,0,2,18,1,17,6,4,3,0,2,17,1,16,6
2,2,3,3,16,6,10,7,2,3,2,3,10,4,6,4,2,3,2,3,6,2,4,2
0,1,3,1,29,2,27,8,1,3,0,1,27,2,25,7,1,3,0,1,25,2,23,6
3,3,2,2,28,19,9,3,3,2,3,2,9,6,3,1,3,2,3,2,3,2,1,0
3,1,4,3,34,23,11,7,1,4,3,3,11,7,4,2,1,4,3,3,4,2,2,1
1,3,0,4,0,0,0,0,3,0,1,4,0,0,0,0,3,0,1,4,0,0,0,0
0,1,2,0,12,1,11,1,1,2,0,0,11,1,10,1,1,2,0,0,10,1,9,0
2,0,1,4,30,11,19,18,0,1,2,4,19,7,12,11,0,1,2,4,12,4,8,7
4,0,2,2,36,34,2,0,0,2,4,2,2,1,1,0,0,2,4,2,1,0,1,0
3,3,1,2,8,5,3,1,3,1,3,2,3,2,1,0,3,1,3,2,1,0,1,0
3,2,2,2,10,7,3,1,2,2,3,2,3,2,1,0,2,2,3,2,1,0,1,0
2,4,1,0,9,3,6,0,4,1,2,0,6,2,4,0,4,1,2,0,4,1,3,0
3,1,3,1,33,23,10,2,1,3,3,1,10,7,3,0,1,3,3,1,3,2,1,0
0,3,4,4,24,2,22,20,3,4,0,4,22,2,20,19,3,4,0,4,20,1,19,18
3,4,0,4,3,2,1,0,4,0,3,4,1,0,1,0,4,0,3,4,1,0,1,0
2,3,4,2,10,4,6,2,3,4,2,2,6,2,4,1,3,4,2,2,4,1,3,1
2,1,2,3,11,4,7,4,1,2,2,3,7,2,5,3,1,2,2,3,5,2,3,2
1,1,3,3,36,10,26,18,1,3,1,3,26,7,19,13,1,3,1,3,19,5,14,9
4,0,3,1,26,24,2,0,0,3,4,1,2,1,1,0,0,3,4,1,1,0,1,0
0,1,3,0,18,1,17,1,1,3,0,0,17,1,16,1,1,3,0,0,16,1,15,1
3,1,0,2,14,9,5,1,1,0,3,2,5,3,2,0,1,0,3,2,2,1,1,0
4,1,1,4,10,9,1,0,1,1,4,4,1,0,1,0,1,1,4,4,1,0,1,0
2,0,0,3,17,6,11,7,0,0,2,3,11,4,7,4,0,0,2,3,7,2,5,3
1,2,2,2,18,5,13,5,2,2,1,2,13,3,10,4,2,2,1,2,10,2,8,3
4,3,1,4,0,0,0,0,3,1,4,4,0,0,0,0,3,1,4,4,0,0,0,0
3,2,2,4,20,13,7,6,2,2,3,4,7,4,3,2,2,2,3,4,3,2,1,0
4,2,4,0,12,11,1,0,2,4,4,0,1,0,1,0,2,4,4,0,1,0,1,0
4,4,4,1,13,12,1,0,4,4,4,1,1,0,1,0,4,4,4,1,1,0,1,0
4,3,4,1,26,24,2,0,3,4,4,1,2,1,1,0,3,4,4,1,1,0,1,0
3,3,3,1,17,11,6,1,3,3,3,1,6,4,2,0,3,3,3,1,2,1,1,0
3,1,4,2,38,26,12,4,1,4,3,2,12,8,4,1,1,4,3,2,4,2,2,0
2,1,0,3,25,9,16,11,1,0,2,3,16,6,10,7,1,0,2,3,10,4,6,4
3,0,0,1,24,16,8,2,0,0,3,1,8,5,3,0,0,0,3,1,3,2,1,0
1,4,4,2,23,6,17,6,4,4,1,2,17,5,12,4,4,4,1,2,12,3,9,3
2,3,3,2,36,14,22,8,3,3,2,2,22,8,14,5,3,3,2,2,14,5,9,3
1,4,3,4,0,0,0,0,4,3,1,4,0,0,0,0,4,3,1,4,0,0,0,0
1,3,2,3,4,1,3,2,3,2,1,3,3,0,3,2,3,2,1,3,3,0,3,2
0,4,4,4,7,0,7,6,4,4,0,4,7,0,7,6,4,4,0,4,7,0,7,6
1,2,3,0,32,9,23,2,2,3,1,0,23,6,17,1,2,3,1,0,17,5,12,1
3,1,1,3,5,3,2,1,1,1,3,3,2,1,1,0,1,1,3,3,1,0,1,0
3,4,0,2,0,0,0,0,4,0,3,2,0,0,0,0,4,0,3,2,0,0,0,0
0,4,0,4,3,0,3,2,4,0,0,4,3,0,3,2,4,0,0,4,3,0,3,2
4,4,0,1,16,15,1,0,4,0,4,1,1,0,1,0,4,0,4,1,1,0,1,0
3,4,3,2,21,14,7,2,4,3,3,2,7,4,3,1,4,3,3,2,3,2,1,0
1,0,1,2,23,6,17,6,0,1,1,2,17,5,12,4,0,1,1,2,12,3,9,3
4,0,1,2,16,15,1,0,0,1,4,2,1,0,1,0,0,1,4,2,1,0,1,0
0,0,4,2,32,3,29,11,0,4,0,2,29,2,27,10,0,4,0,2,27,2,25,9
4,0,2,3,12,11,1,0,0,2,4,3,1,0,1,0,0,2,4,3,1,0,1,0
4,4,4,1,16,15,1,0,4,4,4,1,1,0,1,0,4,4,4,1,1,0,1,0
1,0,1,0,10,2,8,0,0,1,1,0,8,2,6,0,0,1,1,0,6,1,5,0
0,4,2,1,9,0,9,2,4,2,0,1,9,0,9,2,4,2,0,1,9,0,9,2
3,2,0,1,12,8,4,1,2,0,3,1,4,2,2,0,2,0,3,1,2,1,1,0
1,1,0,4,1,0,1,0,1,0,1,4,1,0,1,0,1,0,1,4,1,0,1,0
1,3,2,4,19,5,14,13,3,2,1,4,14,4,10,9,3,2,1,4,10,2,8,7
0,0,2,1,16,1,15,4,0,2,0,1,15,1,14,4,0,2,0,1,14,1,13,3
4,2,0,1,10,9,1,0,2,0,4,1,1,0,1,0,2,0,4,1,1,0,1,0
4,2,3,3,14,13,1,0,2,3,4,3,1,0,1,0,2,3,4,3,1,0,1,0
4,3,2,0,13,12,1,0,3,2,4,0,1,0,1,0,3,2,4,0,1,0,1,0
1,4,2,1,16,4,12,3,4,2,1,1,12,3,9,2,4,2,1,1,9,2,7,2
4,4,3,4,2,1,1,0,4,3,4,4,1,0,1,0,4,3,4,4,1,0,1,0
3,1,2,1,5,3,2,0,1,2,3,1,2,1,1,0,1,2,3,1,1,0,1,0
0,3,3,3,12,1,11,7,3,3,0,3,11,1,10,7,3,3,0,3,10,1,9,6
3,4,1,0,20,14,6,0,4,1,3,0,6,4,2,0,4,1,3,0,2,1,1,0
0,0,4,2,32,3,29,11,0,4,0,2,29,2,27,10,0,4,0,2,27,2,25,10
1,4,0,3,10,2,8,5,4,0,1,3,8,2,6,4,4,0,1,3,6,1,5,3
3,0,2,3,26,18,8,5,0,2,3,3,8,5,3,2,0,2,3,3,3,2,1,0
4,3,4,3,16,15,1,0,3,4,4,3,1,0,1,0,3,4,4,3,1,0,1,0
4,3,3,2,19,18,1,0,3,3,4,2,1,0,1,0,3,3,4,2,1,0,1,0
1,1,4,4,22,6,16,15,1,4,1,4,16,4,12,11,1,4,1,4,12,3,9,8
2,1,2,3,7,2,5,3,1,2,2,3,5,2,3,2,1,2,2,3,3,1,2,1
4,3,3,2,9,8,1,0,3,3,4,2,1,0,1,0,3,3,4,2,1,0,1,0
1,4,2,2,12,3,9,3,4,2,1,2,9,2,7,2,4,2,1,2,7,2,5,1
0,0,2,1,22,2,20,6,0,2,0,1,20,1,19,5,0,2,0,1,19,1,18,5
4,2,4,1,32,30,2,0,2,4,4,1,2,1,1,0,2,4,4,1,1,0,1,0
4,0,4,2,35,33,2,0,0,4,4,2,2,1,1,0,0,4,4,2,1,0,1,0
4,4,2,3,10,9,1,0,4,2,4,3,1,0,1,0,4,2,4,3,1,0,1,0
0,4,4,0,18,1,17,1,4,4,0,0,17,1,16,1,4,4,0,0,16,1,15,1
2,3,2,3,0,0,0,0,3,2,2,3,0,0,0,0,3,2,2,3,0,0,0,0
0,3,0,4,4,0,4,3,3,0,0,4,4,0,4,3,3,0,0,4,4,0,4,3
3,2,0,1,14,9,5,1,2,0,3,1,5,3,2,0,2,0,3,1,2,1,1,0
4,4,3,1,21,19,2,0,4,3,4,1,2,1,1,0,4,3,4,1,1,0,1,0
2,0,2,1,17,6,11,3,0,2,2,1,11,4,7,2,0,2,2,1,7,2,5,1
4,1,2,4,7,6,1,0,1,2,4,4,1,0,1,0,1,2,4,4,1,0,1,0
3,4,4,4,7,4,3,2,4,4,3,4,3,2,1,0,4,4,3,4,1,0,1,0
1,3,0,3,7,2,5,3,3,0,1,3,5,1,4,2,3,0,1,3,4,1,3,2
3,0,0,4,9,6,3,2,0,0,3,4,3,2,1,0,0,0,3,4,1,0,1,0
4,0,0,0,12,11,1,0,0,0,4,0,1,0,1,0,0,0,4,0,1,0,1,0
3,0,1,1,23,16,7,2,0,1,3,1,7,4,3,0,0,1,3,1,3,2,1,0
1,0,2,4,24,7,17,16,0,2,1,4,17,5,12,11,0,2,1,4,12,3,9,8
3,1,1,0,13,9,4,0,1,1,3,0,4,2,2,0,1,1,3,0,2,1,1,0
1,3,1,4,0,0,0,0,3,1,1,4,0,0,0,0,3,1,1,4,0,0,0,0
3,3,2,3,6,4,2,1,3,2,3,3,2,1,1,0,3,2,3,3,1,0,1,0
4,0,2,1,24,22,2,0,0,2,4,1,2,1,1,0,0,2,4,1,1,0,1,0
1,3,3,3,14,4,10,7,3,3,1,3,10,3,7,4,3,3,1,3,7,2,5,3
1,2,2,4,11,3,8,7,2,2,1,4,8,2,6,5,2,2,1,4,6,1,5,4
1,4,3,4,8,2,6,5,4,3,1,4,6,1,5,4,4,3,1,4,5,1,4,3
4,1,3,1,32,30,2,0,1,3,4,1,2,1,1,0,1,3,4,1,1,0,1,0
4,2,4,3,30,28,2,1,2,4,4,3,2,1,1,0,2,4,4,3,1,0,1,0
3,0,0,4,17,11,6,5,0,0,3,4,6,4,2,1,0,0,3,4,2,1,1,0
1,1,2,3,16,4,12,8,1,2,1,3,12,3,9,6,1,2,1,3,9,2,7,4
3,4,2,3,10,7,3,2,4,2,3,3,3,2,1,0,4,2,3,3,1,0,1,0
1,2,3,3,31,9,22,15,2,3,1,3,22,6,16,11,2,3,1,3,16,4,12,8
0,4,0,4,8,0,8,7,4,0,0,4,8,0,8,7,4,0,0,4,8,0,8,7
1,2,4,0,30,9,21,2,2,4,1,0,21,6,15,1,2,4,1,0,15,4,11,1
0,1,2,3,21,2,19,13,1,2,0,3,19,1,18,12,1,2,0,3,18,1,17,11
2,3,3,2,8,3,5,1,3,3,2,2,5,1,4,1,3,3,2,2,4,1,3,1
1,3,2,2,12,3,9,3,3,2,1,2,9,2,7,2,3,2,1,2,7,2,5,1
4,4,4,3,24,22,2,1,4,4,4,3,2,1,1,0,4,4,4,3,1,0,1,0
0,1,3,3,29,2,27,18,1,3,0,3,27,2,25,17,1,3,0,3,25,2,23,16
1,1,2,1,28,8,20,5,1,2,1,1,20,5,15,4,1,2,1,1,15,4,11,3
4,4,0,0,10,9,1,0,4,0,4,0,1,0,1,0,4,0,4,0,1,0,1,0
1,1,4,2,33,9,24,9,1,4,1,2,24,7,17,6,1,4,1,2,17,5,12,4
3,1,3,4,24,16,8,7,1,3,3,4,8,5,3,2,1,3,3,4,3,2,1,0
2,1,3,4,23,9,14,13,1,3,2,4,14,5,9,8,1,3,2,4,9,3,6,5
2,3,0,4,15,5,10,9,3,0,2,4,10,4,6,5,3,0,2,4,6,2,4,3
1,0,3,2,30,8,22,8,0,3,1,2,22,6,16,6,0,3,1,2,16,4,12,4
3,0,3,3,33,23,10,7,0,3,3,3,10,6,4,2,0,3,3,3,4,2,2,1
3,3,3,2,14,9,5,2,3,3,3,2,5,3,2,0,3,3,3,2,2,1,1,0
4,0,3,1,29,27,2,0,0,3,4,1,2,1,1,0,0,3,4,1,1,0,1,0
2,0,3,1,13,5,8,2,0,3,2,1,8,3,5,1,0,3,2,1,5,1,4,1
4,2,0,3,2,1,1,0,2,0,4,3,1,0,1,0,2,0,4,3,1,0,1,0
0,1,0,0,22,2,20,1,1,0,0,0,20,1,19,1,1,0,0,0,19,1,18,1
0,3,3,4,15,1,14,13,3,3,0,4,14,1,13,12,3,3,0,4,13,1,12,11
3,0,1,0,17,11,6,0,0,1,3,0,6,4,2,0,0,1,3,0,2,1,1,0
2,0,4,3,37,14,23,16,0,4,2,3,23,9,14,9,0,4,2,3,14,5,9,6
2,0,0,0,2,0,2,0,0,0,2,0,2,0,2,0,0,0,2,0,2,0,2,0
3,0,2,0,23,16,7,0,0,2,3,0,7,4,3,0,0,2,3,0,3,2,1,0
4,0,1,3,24,22,2,1,0,1,4,3,2,1,1,0,0,1,4,3,1,0,1,0
0,3,4,1,35,3,32,9,3,4,0,1,32,3,29,8,3,4,0,1,29,2,27,8
4,2,3,2,23,21,2,0,2,3,4,2,2,1,1,0,2,3,4,2,1,0,1,0
1,2,4,3,25,7,18,12,2,4,1,3,18,5,13,9,2,4,1,3,13,3,10,6
3,4,4,1,18,12,6,1,4,4,3,1,6,4,2,0,4,4,3,1,2,1,1,0
0,1,2,0,22,2,20,1,1,2,0,0,20,1,19,1,1,2,0,0,19,1,18,1
3,1,4,0,34,23,11,1,1,4,3,0,11,7,4,0,1,4,3,0,4,2,2,0
4,1,2,2,19,18,1,0,1,2,4,2,1,0,1,0,1,2,4,2,1,0,1,0
2,4,2,2,3,1,2,0,4,2,2,2,2,0,2,0,4,2,2,2,2,0,2,0
1,3,4,2,21,6,15,6,3,4,1,2,15,4,11,4,3,4,1,2,11,3,8,3
0,1,0,0,3,0,3,0,1,0,0,0,3,0,3,0,1,0,0,0,3,0,3,0
0,0,0,0,14,1,13,1,0,0,0,0,13,1,12,1,0,0,0,0,12,1,11,1
0,4,3,4,7,0,7,6,4,3,0,4,7,0,7,6,4,3,0,4,7,0,7,6
2,2,1,2,25,10,15,6,2,1,2,2,15,6,9,3,2,1,2,2,9,3,6,2
4,4,3,1,15,14,1,0,4,3,4,1,1,0,1,0,4,3,4,1,1,0,1,0
0,4,0,4,6,0,6,5,4,0,0,4,6,0,6,5,4,0,0,4,6,0,6,5
3,3,0,3,15,10,5,3,3,0,3,3,5,3,2,1,3,0,3,3,2,1,1,0
4,2,4,0,26,24,2,0,2,4,4,0,2,1,1,0,2,4,4,0,1,0,1,0
3,1,2,3,32,22,10,7,1,2,3,3,10,6,4,2,1,2,3,3,4,2,2,1
4,0,0,3,20,18,2,1,0,0,4,3,2,1,1,0,0,0,4,3,1,0,1,0
3,4,3,0,12,8,4,0,4,3,3,0,4,2,2,0,4,3,3,0,2,1,1,0
3,3,4,1,26,18,8,2,3,4,3,1,8,5,3,0,3,4,3,1,3,2,1,0
1,1,3,3,34,10,24,16,1,3,1,3,24,7,17,11,1,3,1,3,17,5,12,8
2,1,4,2,37,14,23,9,1,4,2,2,23,9,14,5,1,4,2,2,14,5,9,3
0,3,2,2,13,1,12,4,3,2,0,2,12,1,11,4,3,2,0,2,11,1,10,4
0,4,1,2,17,1,16,6,4,1,0,2,16,1,15,5,4,1,0,2,15,1,14,5
3,0,3,0,35,24,11,1,0,3,3,0,11,7,4,0,0,3,3,0,4,2,2,0
4,4,2,3,12,11,1,0,4,2,4,3,1,0,1,0,4,2,4,3,1,0,1,0
4,0,3,2,35,33,2,0,0,3,4,2,2,1,1,0,0,3,4,2,1,0,1,0
1,3,3,3,11,3,8,5,3,3,1,3,8,2,6,4,3,3,1,3,6,1,5,3
1,4,4,0,1,0,1,0,4,4,1,0,1,0,1,0,4,4,1,0,1,0,1,0
3,2,4,0,19,13,6,0,2,4,3,0,6,4,2,0,2,4,3,0,2,1,1,0
2,4,2,0,3,1,2,0,4,2,2,0,2,0,2,0,4,2,2,0,2,0,2,0
4,3,3,3,34,32,2,1,3,3,4,3,2,1,1,0,3,3,4,3,1,0,1,0
0,2,1,2,8,0,8,3,2,1,0,2,8,0,8,3,2,1,0,2,8,0,8,3
0,0,4,3,37,3,34,23,0,4,0,3,34,3,31,21,0,4,0,3,31,3,28,19
2,4,3,0,22,8,14,1,4,3,2,0,14,5,9,0,4,3,2,0,9,3,6,0
1,2,1,2,0,0,0,0,2,1,1,2,0,0,0,0,2,1,1,2,0,0,0,0
1,3,0,1,10,2,8,2,3,0,1,1,8,2,6,1,3,0,1,1,6,1,5,1
2,3,3,0,2,0,2,0,3,3,2,0,2,0,2,0,3,3,2,0,2,0,2,0
1,1,1,2,17,5,12,4,1,1,1,2,12,3,9,3,1,1,1,2,9,2,7,2
0,1,1,3,2,0,2,1,1,1,0,3,2,0,2,1,1,1,0,3,2,0,2,1
4,4,2,4,10,9,1,0,4,2,4,4,1,0,1,0,4,2,4,4,1,0,1,0
1,0,0,2,21,6,15,6,0,0,1,2,15,4,11,4,0,0,1,2,11,3,8,3
4,3,4,0,11,10,1,0,3,4,4,0,1,0,1,0,3,4,4,0,1,0,1,0
0,3,1,3,29,2,27,18,3,1,0,3,27,2,25,17,3,1,0,3,25,2,23,16
1,4,3,0,24,7,17,1,4,3,1,0,17,5,12,1,4,3,1,0,12,3,9,0
3,2,4,0,17,11,6,0,2,4,3,0,6,4,2,0,2,4,3,0,2,1,1,0
3,4,4,0,13,9,4,0,4,4,3,0,4,2,2,0,4,4,3,0,2,1,1,0
1,0,2,2,22,6,16,6,0,2,1,2,16,4,12,4,0,2,1,2,12,3,9,3
1,0,0,2,1,0,1,0,0,0,1,2,1,0,1,0,0,0,1,2,1,0,1,0
2,3,1,3,11,4,7,4,3,1,2,3,7,2,5,3,3,1,2,3,5,1,4,2
4,4,2,1,20,19,1,0,4,2,4,1,1,0,1,0,4,2,4,1,1,0,1,0
0,3,0,4,7,0,7,6,3,0,0,4,7,0,7,6,3,0,0,4,7,0,7,6
1,0,1,1,14,4,10,3,0,1,1,1,10,3,7,2,0,1,1,1,7,2,5,1
1,2,2,3,20,5,15,10,2,2,1,3,15,4,11,7,2,2,1,3,11,3,8,5
1,0,4,1,36,10,26,7,0,4,1,1,26,7,19,5,0,4,1,1,19,5,14,4
3,2,2,3,29,20,9,6,2,2,3,3,9,6,3,2,2,2,3,3,3,2,1,0
4,1,4,4,30,28,2,1,1,4,4,4,2,1,1,0,1,4,4,4,1,0,1,0
2,1,4,3,26,10,16,11,1,4,2,3,16,6,10,6,1,4,2,3,10,3,7,4
0,2,4,2,27,2,25,10,2,4,0,2,25,2,23,9,2,4,0,2,23,2,21,8
0,2,1,1,29,2,27,8,2,1,0,1,27,2,25,7,2,1,0,1,25,2,23,6
2,3,4,4,27,10,17,16,3,4,2,4,17,6,11,10,3,4,2,4,11,4,7,6
2,2,2,3,17,6,11,7,2,2,2,3,11,4,7,4,2,2,2,3,7,2,5,3
0,2,0,3,20,1,19,13,2,0,0,3,19,1,18,12,2,0,0,3,18,1,17,11
0,4,2,1,6,0,6,1,4,2,0,1,6,0,6,1,4,2,0,1,6,0,6,1
1,3,2,4,4,1,3,2,3,2,1,4,3,0,3,2,3,2,1,4,3,0,3,2
0,3,3,4,18,1,17,16,3,3,0,4,17,1,16,15,3,3,0,4,16,1,15,14
2,3,4,2,18,7,11,4,3,4,2,2,11,4,7,2,3,4,2,2,7,2,5,1
0,0,0,0,14,1,13,1,0,0,0,0,13,1,12,1,0,0,0,0,12,1,11,1
3,3,0,3,7,4,3,2,3,0,3,3,3,2,1,0,3,0,3,3,1,0,1,0
3,0,1,2,12,8,4,1,0,1,3,2,4,2,2,0,0,1,3,2,2,1,1,0
2,3,1,3,2,0,2,1,3,1,2,3,2,0,2,1,3,1,2,3,2,0,2,1
4,4,1,1,11,10,1,0,4,1,4,1,1,0,1,0,4,1,4,1,1,0,1,0
2,4,1,1,11,4,7,2,4,1,2,1,7,2,5,1,4,1,2,1,5,1,4,1
3,3,0,3,26,18,8,5,3,0,3,3,8,5,3,2,3,0,3,3,3,2,1,0
3,2,0,3,3,2,1,0,2,0,3,3,1,0,1,0,2,0,3,3,1,0,1,0
1,1,3,4,25,7,18,17,1,3,1,4,18,5,13,12,1,3,1,4,13,3,10,9
4,3,1,3,28,26,2,1,3,1,4,3,2,1,1,0,3,1,4,3,1,0,1,0
3,3,0,1,15,10,5,1,3,0,3,1,5,3,2,0,3,0,3,1,2,1,1,0
4,4,2,0,4,3,1,0,4,2,4,0,1,0,1,0,4,2,4,0,1,0,1,0
0,3,0,3,21,2,19,13,3,0,0,3,19,1,18,12,3,0,0,3,18,1,17,11
2,3,1,4,17,6,11,10,3,1,2,4,11,4,7,6,3,1,2,4,7,2,5,4
1,3,2,0,14,4,10,1,3,2,1,0,10,2,8,0,3,2,1,0,8,2,6,0
1,3,0,4,5,1,4,3,3,0,1,4,4,1,3,2,3,0,1,4,3,0,3,2
0,4,2,1,10,1,9,2,4,2,0,1,9,0,9,2,4,2,0,1,9,0,9,2
2,4,3,0,4,1,3,0,4,3,2,0,3,1,2,0,4,3,2,0,2,0,2,0
0,3,3,2,17,1,16,6,3,3,0,2,16,1,15,6,3,3,0,2,15,1,14,5
3,3,4,0,18,12,6,0,3,4,3,0,6,4,2,0,3,4,3,0,2,1,1,0
0,3,3,1,17,1,16,4,3,3,0,1,16,1,15,4,3,3,0,1,15,1,14,4
4,1,4,0,37,35,2,0,1,4,4,0,2,1,1,0,1,4,4,0,1,0,1,0
0,2,2,4,5,0,5,4,2,2,0,4,5,0,5,4,2,2,0,4,5,0,5,4
3,2,2,2,18,12,6,2,2,2,3,2,6,4,2,0,2,2,3,2,2,1,1,0
0,2,4,1,19,1,18,5,2,4,0,1,18,1,17,5,2,4,0,1,17,1,16,4
2,4,3,3,7,2,5,3,4,3,2,3,5,1,4,2,4,3,2,3,4,1,3,2
4,3,2,0,26,24,2,0,3,2,4,0,2,1,1,0,3,2,4,0,1,0,1,0
0,1,3,1,28,2,26,7,1,3,0,1,26,2,24,7,1,3,0,1,24,2,22,6
2,1,0,1,20,7,13,3,1,0,2,1,13,5,8,2,1,0,2,1,8,3,5,1
1,2,3,0,2,0,2,0,2,3,1,0,2,0,2,0,2,3,1,0,2,0,2,0
1,1,3,2,17,5,12,4,1,3,1,2,12,3,9,3,1,3,1,2,9,2,7,2
2,2,2,1,14,5,9,2,2,2,2,1,9,3,6,1,2,2,2,1,6,2,4,1
0,2,0,0,8,0,8,0,2,0,0,0,8,0,8,0,2,0,0,0,8,0,8,0
4,1,2,3,21,19,2,1,1,2,4,3,2,1,1,0,1,2,4,3,1,0,1,0
1,3,3,2,8,2,6,2,3,3,1,2,6,1,5,2,3,3,1,2,5,1,4,1
4,4,2,1,5,4,1,0,4,2,4,1,1,0,1,0,4,2,4,1,1,0,1,0
2,3,4,4,36,14,22,20,3,4,2,4,22,8,14,13,3,4,2,4,14,5,9,8
2,1,3,1,31,12,19,5,1,3,2,1,19,7,12,3,1,3,2,1,12,4,8,2
2,2,3,0,38,15,23,2,2,3,2,0,23,9,14,1,2,3,2,0,14,5,9,0
4,2,3,4,3,2,1,0,2,3,4,4,1,0,1,0,2,3,4,4,1,0,1,0
4,0,0,4,5,4,1,0,0,0,4,4,1,0,1,0,0,0,4,4,1,0,1,0
2,1,1,3,5,2,3,2,1,1,2,3,3,1,2,1,1,1,2,3,2,0,2,1
0,1,0,2,11,1,10,4,1,0,0,2,10,1,9,3,1,0,0,2,9,0,9,3
2,2,3,3,34,13,21,14,2,3,2,3,21,8,13,9,2,3,2,3,13,5,8,5
1,4,0,3,19,5,14,9,4,0,1,3,14,4,10,7,4,0,1,3,10,3,7,4
3,1,4,4,37,25,12,11,1,4,3,4,12,8,4,3,1,4,3,4,4,2,2,1
3,1,4,4,30,21,9,8,1,4,3,4,9,6,3,2,1,4,3,4,3,2,1,0
4,1,0,4,9,8,1,0,1,0,4,4,1,0,1,0,1,0,4,4,1,0,1,0
4,4,4,4,1,0,1,0,4,4,4,4,1,0,1,0,4,4,4,4,1,0,1,0
0,1,1,0,26,2,24,2,1,1,0,0,24,2,22,2,1,1,0,0,22,2,20,1
1,3,3,0,16,4,12,1,3,3,1,0,12,3,9,0,3,3,1,0,9,2,7,0
4,1,2,0,22,20,2,0,1,2,4,0,2,1,1,0,1,2,4,0,1,0,1,0
2,1,0,0,4,1,3,0,1,0,2,0,3,1,2,0,1,0,2,0,2,0,2,0
0,4,1,4,16,1,15,14,4,1,0,4,15,1,14,13,4,1,0,4,14,1,13,12
4,4,3,1,1,0,1,0,4,3,4,1,1,0,1,0,4,3,4,1,1,0,1,0
2,3,2,3,16,6,10,6,3,2,2,3,10,3,7,4,3,2,2,3,7,2,5,3
3,1,2,4,13,9,4,3,1,2,3,4,4,2,2,1,1,2,3,4,2,1,1,0
1,1,0,2,14,4,10,3,1,0,1,2,10,3,7,2,1,0,1,2,7,2,5,1
4,3,2,3,11,10,1,0,3,2,4,3,1,0,1,0,3,2,4,3,1,0,1,0
0,2,0,0,13,1,12,1,2,0,0,0,12,1,11,1,2,0,0,0,11,1,10,0
0,4,4,3,8,0,8,5,4,4,0,3,8,0,8,5,4,4,0,3,8,0,8,5
4,0,2,2,34,32,2,0,0,2,4,2,2,1,1,0,0,2,4,2,1,0,1,0
3,0,4,4,38,26,12,11,0,4,3,4,12,8,4,3,0,4,3,4,4,2,2,1
1,2,3,0,10,2,8,0,2,3,1,0,8,2,6,0,2,3,1,0,6,1,5,0
0,1,2,2,18,1,17,6,1,2,0,2,17,1,16,6,1,2,0,2,16,1,15,6
3,4,2,2,2,1,1,0,4,2,3,2,1,0,1,0,4,2,3,2,1,0,1,0
0,1,1,3,18,1,17,11,1,1,0,3,17,1,16,11,1,1,0,3,16,1,15,10
1,4,4,4,23,6,17,16,4,4,1,4,17,5,12,11,4,4,1,4,12,3,9,8
4,4,0,3,2,1,1,0,4,0,4,3,1,0,1,0,4,0,4,3,1,0,1,0
0,1,2,2,25,2,23,9,1,2,0,2,23,2,21,8,1,2,0,2,21,2,19,7
4,0,0,0,6,5,1,0,0,0,4,0,1,0,1,0,0,0,4,0,1,0,1,0
1,3,4,2,37,11,26,10,3,4,1,2,26,7,19,7,3,4,1,2,19,5,14,5
2,4,0,3,3,1,2,1,4,0,2,3,2,0,2,1,4,0,2,3,2,0,2,1
2,2,3,2,33,13,20,8,2,3,2,2,20,7,13,5,2,3,2,2,13,5,8,3
3,0,2,1,23,16,7,2,0,2,3,1,7,4,3,0,0,2,3,1,3,2,1,0
0,0,2,0,39,3,36,3,0,2,0,0,36,3,33,3,0,2,0,0,33,3,30,2
4,4,3,3,0,0,0,0,4,3,4,3,0,0,0,0,4,3,4,3,0,0,0,0
4,0,0,1,16,15,1,0,0,0,4,1,1,0,1,0,0,0,4,1,1,0,1,0
1,2,3,3,23,6,17,11,2,3,1,3,17,5,12,8,2,3,1,3,12,3,9,6
2,4,2,3,8,3,5,3,4,2,2,3,5,2,3,2,4,2,2,3,3,1,2,1
1,0,1,1,15,4,11,3,0,1,1,1,11,3,8,2,0,1,1,1,8,2,6,1
4,4,0,0,4,3,1,0,4,0,4,0,1,0,1,0,4,0,4,0,1,0,1,0
4,1,1,3,19,18,1,0,1,1,4,3,1,0,1,0,1,1,4,3,1,0,1,0
4,3,3,3,14,13,1,0,3,3,4,3,1,0,1,0,3,3,4,3,1,0,1,0
4,1,4,4,24,22,2,1,1,4,4,4,2,1,1,0,1,4,4,4,1,0,1,0
3,4,2,2,13,9,4,1,4,2,3,2,4,2,2,0,4,2,3,2,2,1,1,0
4,0,3,1,31,29,2,0,0,3,4,1,2,1,1,0,0,3,4,1,1,0,1,0
2,3,4,4,11,4,7,6,3,4,2,4,7,2,5,4,3,4,2,4,5,2,3,2
2,4,3,1,7,2,5,1,4,3,2,1,5,2,3,0,4,3,2,1,3,1,2,0
0,1,1,0,17,1,16,1,1,1,0,0,16,1,15,1,1,1,0,0,15,1,14,1
2,4,2,1,16,6,10,3,4,2,2,1,10,3,7,2,4,2,2,1,7,2,5,1
4,1,3,2,33,31,2,0,1,3,4,2,2,1,1,0,1,3,4,2,1,0,1,0
1,4,4,3,12,3,9,6,4,4,1,3,9,2,7,4,4,4,1,3,7,2,5,3
0,1,4,2,32,3,29,11,1,4,0,2,29,2,27,10,1,4,0,2,27,2,25,9
4,0,1,4,21,19,2,1,0,1,4,4,2,1,1,0,0,1,4,4,1,0,1,0
4,1,0,1,4,3,1,0,1,0,4,1,1,0,1,0,1,0,4,1,1,0,1,0
2,1,4,4,38,15,23,21,1,4,2,4,23,9,14,13,1,4,2,4,14,5,9,8
2,2,2,4,22,8,14,13,2,2,2,4,14,5,9,8,2,2,2,4,9,3,6,5
1,1,3,3,38,11,27,18,1,3,1,3,27,8,19,13,1,3,1,3,19,5,14,9
4,3,2,2,26,24,2,0,3,2,4,2,2,1,1,0,3,2,4,2,1,0,1,0
2,1,2,1,19,7,12,3,1,2,2,1,12,4,8,2,1,2,2,1,8,3,5,1
4,2,0,1,10,9,1,0,2,0,4,1,1,0,1,0,2,0,4,1,1,0,1,0
1,2,0,4,1,0,1,0,2,0,1,4,1,0,1,0,2,0,1,4,1,0,1,0
1,2,2,4,26,7,19,18,2,2,1,4,19,5,14,13,2,2,1,4,14,4,10,9
1,4,2,3,9,2,7,4,4,2,1,3,7,2,5,3,4,2,1,3,5,1,4,2
1,4,0,3,1,0,1,0,4,0,1,3,1,0,1,0,4,0,1,3,1,0,1,0
2,1,4,1,39,15,24,7,1,4,2,1,24,9,15,4,1,4,2,1,15,6,9,2
1,1,4,2,32,9,23,9,1,4,1,2,23,6,17,6,1,4,1,2,17,5,12,4
3,3,1,3,29,20,9,6,3,1,3,3,9,6,3,2,3,1,3,3,3,2,1,0
0,2,0,2,9,0,9,3,2,0,0,2,9,0,9,3,2,0,0,2,9,0,9,3
3,0,0,4,6,4,2,1,0,0,3,4,2,1,1,0,0,0,3,4,1,0,1,0
4,0,1,3,13,12,1,0,0,1,4,3,1,0,1,0,0,1,4,3,1,0,1,0
2,1,1,1,20,7,13,3,1,1,2,1,13,5,8,2,1,1,2,1,8,3,5,1
1,1,4,2,38,11,27,10,1,4,1,2,27,8,19,7,1,4,1,2,19,5,14,5
0,0,0,0,9,0,9,0,0,0,0,0,9,0,9,0,0,0,0,0,9,0,9,0
1,1,4,1,37,11,26,7,1,4,1,1,26,7,19,5,1,4,1,1,19,5,14,4
1,3,4,3,20,5,15,10,3,4,1,3,15,4,11,7,3,4,1,3,11,3,8,5
0,4,4,1,8,0,8,2,4,4,0,1,8,0,8,2,4,4,0,1,8,0,8,2
4,3,3,2,10,9,1,0,3,3,4,2,1,0,1,0,3,3,4,2,1,0,1,0
1,4,2,1,28,8,20,5,4,2,1,1,20,6,14,4,4,2,1,1,14,4,10,3
0,4,0,4,1,0,1,0,4,0,0,4,1,0,1,0,4,0,0,4,1,0,1,0
3,0,4,1,34,23,11,3,0,4,3,1,11,7,4,1,0,4,3,1,4,2,2,0
0,4,4,4,13,1,12,11,4,4,0,4,12,1,11,10,4,4,0,4,11,1,10,9
1,0,4,4,39,11,28,26,0,4,1,4,28,8,20,18,0,4,1,4,20,6,14,13
3,4,2,4,12,8,4,3,4,2,3,4,4,2,2,1,4,2,3,4,2,1,1,0
1,3,1,1,11,3,8,2,3,1,1,1,8,2,6,1,3,1,1,1,6,1,5,1
2,0,0,3,9,3,6,4,0,0,2,3,6,2,4,2,0,0,2,3,4,1,3,2
1,3,4,4,12,3,9,8,3,4,1,4,9,2,7,6,3,4,1,4,7,2,5,4
1,2,1,4,15,4,11,10,2,1,1,4,11,3,8,7,2,1,1,4,8,2,6,5
2,4,1,2,0,0,0,0,4,1,2,2,0,0,0,0,4,1,2,2,0,0,0,0
1,3,4,1,15,4,11,3,3,4,1,1,11,3,8,2,3,4,1,1,8,2,6,1
4,3,4,1,6,5,1,0,3,4,4,1,1,0,1,0,3,4,4,1,1,0,1,0
1,2,0,4,7,2,5,4,2,0,1,4,5,1,4,3,2,0,1,4,4,1,3,2
4,1,4,1,34,32,2,0,1,4,4,1,2,1,1,0,1,4,4,1,1,0,1,0
4,3,0,0,0,0,0,0,3,0,4,0,0,0,0,0,3,0,4,0,0,0,0,0
0,3,4,2,26,2,24,9,3,4,0,2,24,2,22,8,3,4,0,2,22,2,20,8
0,3,0,4,12,1,11,10,3,0,0,4,11,1,10,9,3,0,0,4,10,0,10,9
4,4,0,4,12,11,1,0,4,0,4,4,1,0,1,0,4,0,4,4,1,0,1,0
4,4,3,0,17,16,1,0,4,3,4,0,1,0,1,0,4,3,4,0,1,0,1,0
0,1,1,3,13,1,12,8,1,1,0,3,12,1,11,7,1,1,0,3,11,1,10,7
3,2,2,1,26,18,8,2,2,2,3,1,8,5,3,0,2,2,3,1,3,2,1,0
2,4,1,2,11,4,7,2,4,1,2,2,7,2,5,1,4,1,2,2,5,1,4,1
3,1,2,3,29,20,9,6,1,2,3,3,9,6,3,2,1,2,3,3,3,2,1,0
1,4,2,2,15,4,11,4,4,2,1,2,11,3,8,3,4,2,1,2,8,2,6,2
0,3,0,0,1,0,1,0,3,0,0,0,1,0,1,0,3,0,0,0,1,0,1,0
0,3,0,2,15,1,14,5,3,0,0,2,14,1,13,5,3,0,0,2,13,1,12,4
1,1,3,4,30,8,22,20,1,3,1,4,22,6,16,15,1,3,1,4,16,4,12,11
1,4,0,2,9,2,7,2,4,0,1,2,7,2,5,1,4,0,1,2,5,1,4,1
2,0,2,3,32,12,20,13,0,2,2,3,20,8,12,8,0,2,2,3,12,4,8,5
3,1,3,2,23,16,7,2,1,3,3,2,7,4,3,1,1,3,3,2,3,2,1,0
4,4,3,3,16,15,1,0,4,3,4,3,1,0,1,0,4,3,4,3,1,0,1,0
3,4,4,4,12,8,4,3,4,4,3,4,4,2,2,1,4,4,3,4,2,1,1,0
2,3,1,1,8,3,5,1,3,1,2,1,5,1,4,1,3,1,2,1,4,1,3,0
1,0,1,2,32,9,23,9,0,1,1,2,23,6,17,6,0,1,1,2,17,5,12,4
4,1,2,2,20,18,2,0,1,2,4,2,2,1,1,0,1,2,4,2,1,0,1,0
2,4,4,4,21,8,13,12,4,4,2,4,13,5,8,7,4,4,2,4,8,3,5,4
1,1,4,1,21,6,15,4,1,4,1,1,15,4,11,3,1,4,1,1,11,3,8,2
2,3,3,2,18,7,11,4,3,3,2,2,11,4,7,2,3,3,2,2,7,2,5,1
3,3,3,1,19,13,6,1,3,3,3,1,6,4,2,0,3,3,3,1,2,1,1,0
3,4,4,0,19,13,6,0,4,4,3,0,6,4,2,0,4,4,3,0,2,1,1,0
0,2,1,1,1,0,1,0,2,1,0,1,1,0,1,0,2,1,0,1,1,0,1,0
0,2,0,1,6,0,6,1,2,0,0,1,6,0,6,1,2,0,0,1,6,0,6,1
0,0,1,3,11,1,10,6,0,1,0,3,10,0,10,6,0,1,0,3,10,1,9,6
3,3,1,2,15,10,5,1,3,1,3,2,5,3,2,0,3,1,3,2,2,1,1,0
4,3,0,1,14,13,1,0,3,0,4,1,1,0,1,0,3,0,4,1,1,0,1,0
2,2,0,3,35,13,22,15,2,0,2,3,22,8,14,9,2,0,2,3,14,5,9,6
0,1,2,3,17,1,16,11,1,2,0,3,16,1,15,10,1,2,0,3,15,1,14,9
1,3,3,1,12,3,9,2,3,3,1,1,9,2,7,2,3,3,1,1,7,2,5,1
1,3,2,2,2,0,2,0,3,2,1,2,2,0,2,0,3,2,1,2,2,0,2,0
3,1,4,0,19,13,6,0,1,4,3,0,6,4,2,0,1,4,3,0,2,1,1,0
2,4,0,1,10,3,7,2,4,0,2,1,7,2,5,1,4,0,2,1,5,2,3,0
3,3,2,2,11,7,4,1,3,2,3,2,4,2,2,0,3,2,3,2,2,1,1,0
1,4,2,3,4,1,3,2,4,2,1,3,3,0,3,2,4,2,1,3,3,0,3,2
4,4,4,0,12,11,1,0,4,4,4,0,1,0,1,0,4,4,4,0,1,0,1,0
1,0,2,0,21,6,15,1,0,2,1,0,15,4,11,1,0,2,1,0,11,3,8,0
3,3,1,1,18,12,6,1,3,1,3,1,6,4,2,0,3,1,3,1,2,1,1,0
0,0,2,1,37,3,34,10,0,2,0,1,34,3,31,9,0,2,0,1,31,3,28,8
4,3,0,1,5,4,1,0,3,0,4,1,1,0,1,0,3,0,4,1,1,0,1,0
3,3,0,0,15,10,5,0,3,0,3,0,5,3,2,0,3,0,3,0,2,1,1,0
0,3,0,1,5,0,5,1,3,0,0,1,5,0,5,1,3,0,0,1,5,0,5,1
3,1,1,2,15,10,5,2,1,1,3,2,5,3,2,0,1,1,3,2,2,1,1,0
0,4,1,2,3,0,3,1,4,1,0,2,3,0,3,1,4,1,0,2,3,0,3,1
1,0,4,0,33,9,24,2,0,4,1,0,24,7,17,1,0,4,1,0,17,5,12,1
4,2,2,2,24,22,2,0,2,2,4,2,2,1,1,0,2,2,4,2,1,0,1,0
3,4,3,4,2,1,1,0,4,3,3,4,1,0,1,0,4,3,3,4,1,0,1,0
0,2,0,3,6,0,6,4,2,0,0,3,6,0,6,4,2,0,0,3,6,0,6,4
4,2,2,3,20,18,2,1,2,2,4,3,2,1,1,0,2,2,4,3,1,0,1,0
4,1,1,3,34,32,2,1,1,1,4,3,2,1,1,0,1,1,4,3,1,0,1,0
3,3,3,3,7,4,3,2,3,3,3,3,3,2,1,0,3,3,3,3,1,0,1,0
4,4,2,0,22,20,2,0,4,2,4,0,2,1,1,0,4,2,4,0,1,0,1,0
2,1,3,4,28,11,17,16,1,3,2,4,17,6,11,10,1,3,2,4,11,4,7,6
2,4,3,1,13,5,8,2,4,3,2,1,8,3,5,1,4,3,2,1,5,2,3,0
0,0,2,1,38,3,35,10,0,2,0,1,35,3,32,9,0,2,0,1,32,3,29,8
1,4,3,0,23,6,17,1,4,3,1,0,17,5,12,1,4,3,1,0,12,3,9,0
2,1,2,4,19,7,12,11,1,2,2,4,12,4,8,7,1,2,2,4,8,3,5,4
2,2,0,4,22,8,14,13,2,0,2,4,14,5,9,8,2,0,2,4,9,3,6,5
2,2,1,4,0,0,0,0,2,1,2,4,0,0,0,0,2,1,2,4,0,0,0,0
1,1,4,4,37,11,26,24,1,4,1,4,26,7,19,18,1,4,1,4,19,5,14,13
1,0,0,3,0,0,0,0,0,0,1,3,0,0,0,0,0,0,1,3,0,0,0,0
3,0,3,3,31,21,10,6,0,3,3,3,10,6,4,2,0,3,3,3,4,2,2,1
4,1,0,1,3,2,1,0,1,0,4,1,1,0,1,0,1,0,4,1,1,0,1,0
4,2,3,1,17,16,1,0,2,3,4,1,1,0,1,0,2,3,4,1,1,0,1,0
0,1,1,3,26,2,24,16,1,1,0,3,24,2,22,15,1,1,0,3,22,2,20,13
2,4,4,3,10,3,7,4,4,4,2,3,7,2,5,3,4,4,2,3,5,2,3,2
0,3,2,4,1,0,1,0,3,2,0,4,1,0,1,0,3,2,0,4,1,0,1,0
0,1,2,4,23,2,21,19,1,2,0,4,21,2,19,18,1,2,0,4,19,1,18,17
0,1,2,2,24,2,22,8,1,2,0,2,22,2,20,8,1,2,0,2,20,2,18,7
4,2,4,3,27,25,2,1,2,4,4,3,2,1,1,0,2,4,4,3,1,0,1,0
3,2,3,3,39,27,12,8,2,3,3,3,12,8,4,2,2,3,3,3,4,2,2,1
2,3,4,0,23,9,14,1,3,4,2,0,14,5,9,0,3,4,2,0,9,3,6,0
2,3,2,3,16,6,10,6,3,2,2,3,10,4,6,4,3,2,2,3,6,2,4,2
3,1,2,2,37,25,12,4,1,2,3,2,12,8,4,1,1,2,3,2,4,2,2,0
0,0,0,3,5,0,5,3,0,0,0,3,5,0,5,3,0,0,0,3,5,0,5,3
1,0,2,4,27,8,19,18,0,2,1,4,19,5,14,13,0,2,1,4,14,4,10,9
1,4,1,0,21,6,15,1,4,1,1,0,15,4,11,1,4,1,1,0,11,3,8,0
4,4,3,0,0,0,0,0,4,3,4,0,0,0,0,0,4,3,4,0,0,0,0,0
2,3,1,2,7,2,5,2,3,1,2,2,5,1,4,1,3,1,2,2,4,1,3,1
3,4,1,3,2,1,1,0,4,1,3,3,1,0,1,0,4,1,3,3,1,0,1,0
2,4,4,1,0,0,0,0,4,4,2,1,0,0,0,0,4,4,2,1,0,0,0,0
0,2,4,4,31,3,28,26,2,4,0,4,28,2,26,24,2,4,0,4,26,2,24,22
0,0,1,3,26,2,24,16,0,1,0,3,24,2,22,15,0,1,0,3,22,2,20,14
2,4,1,1,18,7,11,3,4,1,2,1,11,4,7,2,4,1,2,1,7,2,5,1
0,2,2,0,25,2,23,2,2,2,0,0,23,2,21,2,2,2,0,0,21,2,19,1
3,4,0,2,13,9,4,1,4,0,3,2,4,2,2,0,4,0,3,2,2,1,1,0
3,1,2,3,30,21,9,6,1,2,3,3,9,6,3,2,1,2,3,3,3,2,1,0
2,3,3,3,24,9,15,10,3,3,2,3,15,5,10,6,3,3,2,3,10,4,6,4
4,3,0,4,13,12,1,0,3,0,4,4,1,0,1,0,3,0,4,4,1,0,1,0
3,3,0,2,1,0,1,0,3,0,3,2,1,0,1,0,3,0,3,2,1,0,1,0
1,4,1,2,6,1,5,2,4,1,1,2,5,1,4,1,4,1,1,2,4,1,3,1
4,3,0,1,12,11,1,0,3,0,4,1,1,0,1,0,3,0,4,1,1,0,1,0
4,0,2,0,38,36,2,0,0,2,4,0,2,1,1,0,0,2,4,0,1,0,1,0
0,0,2,0,29,2,27,2,0,2,0,0,27,2,25,2,0,2,0,0,25,2,23,2
4,4,1,4,2,1,1,0,4,1,4,4,1,0,1,0,4,1,4,4,1,0,1,0
4,4,2,2,3,2,1,0,4,2,4,2,1,0,1,0,4,2,4,2,1,0,1,0
3,3,3,2,19,13,6,2,3,3,3,2,6,4,2,0,3,3,3,2,2,1,1,0
2,1,2,4,23,9,14,13,1,2,2,4,14,5,9,8,1,2,2,4,9,3,6,5
4,0,2,0,12,11,1,0,0,2,4,0,1,0,1,0,0,2,4,0,1,0,1,0
1,4,2,1,3,0,3,0,4,2,1,1,3,0,3,0,4,2,1,1,3,0,3,0
0,3,4,0,14,1,13,1,3,4,0,0,13,1,12,1,3,4,0,0,12,1,11,1
3,1,3,0,11,7,4,0,1,3,3,0,4,2,2,0,1,3,3,0,2,1,1,0
0,0,4,3,38,3,35,24,0,4,0,3,35,3,32,22,0,4,0,3,32,3,29,20
1,1,1,1,8,2,6,1,1,1,1,1,6,1,5,1,1,1,1,1,5,1,4,1
2,4,3,0,10,3,7,0,4,3,2,0,7,2,5,0,4,3,2,0,5,1,4,0
1,4,2,4,1,0,1,0,4,2,1,4,1,0,1,0,4,2,1,4,1,0,1,0
0,3,1,4,5,0,5,4,3,1,0,4,5,0,5,4,3,1,0,4,5,0,5,4
4,4,2,2,24,22,2,0,4,2,4,2,2,1,1,0,4,2,4,2,1,0,1,0
4,1,4,1,35,33,2,0,1,4,4,1,2,1,1,0,1,4,4,1,1,0,1,0
2,1,0,3,9,3,6,4,1,0,2,3,6,2,4,2,1,0,2,3,4,1,3,2
0,3,0,0,6,0,6,0,3,0,0,0,6,0,6,0,3,0,0,0,6,0,6,0
0,1,1,2,37,3,34,13,1,1,0,2,34,3,31,12,1,1,0,2,31,3,28,11
3,3,4,3,3,2,1,0,3,4,3,3,1,0,1,0,3,4,3,3,1,0,1,0
1,1,0,1,11,3,8,2,1,0,1,1,8,2,6,1,1,0,1,1,6,1,5,1
4,1,3,1,39,37,2,0,1,3,4,1,2,1,1,0,1,3,4,1,1,0,1,0
1,3,1,0,5,1,4,0,3,1,1,0,4,1,3,0,3,1,1,0,3,0,3,0
3,0,0,0,3,2,1,0,0,0,3,0,1,0,1,0,0,0,3,0,1,0,1,0
2,2,2,2,25,9,16,6,2,2,2,2,16,6,10,3,2,2,2,2,10,4,6,2
2,1,0,4,10,4,6,5,1,0,2,4,6,2,4,3,1,0,2,4,4,1,3,2
1,4,1,0,8,2,6,0,4,1,1,0,6,1,5,0,4,1,1,0,5,1,4,0
1,0,1,4,23,6,17,16,0,1,1,4,17,5,12,11,0,1,1,4,12,3,9,8
4,1,4,2,28,26,2,0,1,4,4,2,2,1,1,0,1,4,4,2,1,0,1,0
1,1,2,1,15,4,11,3,1,2,1,1,11,3,8,2,1,2,1,1,8,2,6,1
4,3,2,3,0,0,0,0,3,2,4,3,0,0,0,0,3,2,4,3,0,0,0,0
4,4,3,0,13,12,1,0,4,3,4,0,1,0,1,0,4,3,4,0,1,0,1,0
3,3,0,2,22,15,7,2,3,0,3,2,7,4,3,1,3,0,3,2,3,2,1,0
2,2,1,4,7,2,5,4,2,1,2,4,5,2,3,2,2,1,2,4,3,1,2,1
3,3,0,2,6,4,2,0,3,0,3,2,2,1,1,0,3,0,3,2,1,0,1,0
0,4,4,4,24,2,22,20,4,4,0,4,22,2,20,18,4,4,0,4,20,1,19,18
0,2,0,1,19,1,18,5,2,0,0,1,18,1,17,5,2,0,0,1,17,1,16,4
0,2,1,1,8,0,8,2,2,1,0,1,8,0,8,2,2,1,0,1,8,0,8,2
3,3,0,4,16,11,5,4,3,0,3,4,5,3,2,1,3,0,3,4,2,1,1,0
1,4,3,2,1,0,1,0,4,3,1,2,1,0,1,0,4,3,1,2,1,0,1,0
0,4,2,3,11,1,10,6,4,2,0,3,10,0,10,7,4,2,0,3,10,1,9,6
1,1,1,2,18,5,13,5,1,1,1,2,13,3,10,4,1,1,1,2,10,3,7,2
2,1,0,1,31,12,19,5,1,0,2,1,19,7,12,3,1,0,2,1,12,4,8,2
4,3,3,1,19,18,1,0,3,3,4,1,1,0,1,0,3,3,4,1,1,0,1,0
0,1,4,1,36,3,33,9,1,4,0,1,33,3,30,8,1,4,0,1,30,2,28,8
4,3,0,3,0,0,0,0,3,0,4,3,0,0,0,0,3,0,4,3,0,0,0,0
3,2,4,0,28,19,9,0,2,4,3,0,9,6,3,0,2,4,3,0,3,2,1,0
3,4,3,0,13,9,4,0,4,3,3,0,4,2,2,0,4,3,3,0,2,1,1,0
2,1,3,0,26,10,16,1,1,3,2,0,16,6,10,0,1,3,2,0,10,3,7,0
2,3,4,4,11,4,7,6,3,4,2,4,7,2,5,4,3,4,2,4,5,2,3,2
2,1,0,1,3,1,2,0,1,0,2,1,2,0,2,0,1,0,2,1,2,0,2,0
2,1,1,2,11,4,7,2,1,1,2,2,7,2,5,1,1,1,2,2,5,1,4,1
1,3,3,2,22,6,16,6,3,3,1,2,16,4,12,4,3,3,1,2,12,3,9,3
1,0,3,0,29,8,21,2,0,3,1,0,21,6,15,1,0,3,1,0,15,4,11,1
0,2,0,1,13,1,12,3,2,0,0,1,12,1,11,3,2,0,0,1,11,1,10,3
1,2,0,1,6,1,5,1,2,0,1,1,5,1,4,1,2,0,1,1,4,1,3,0
4,4,3,3,22,20,2,1,4,3,4,3,2,1,1,0,4,3,4,3,1,0,1,0
4,0,1,1,18,17,1,0,0,1,4,1,1,0,1,0,0,1,4,1,1,0,1,0
3,2,0,1,1,0,1,0,2,0,3,1,1,0,1,0,2,0,3,1,1,0,1,0
3,0,0,2,2,1,1,0,0,0,3,2,1,0,1,0,0,0,3,2,1,0,1,0
1,0,0,1,3,0,3,0,0,0,1,1,3,0,3,0,0,0,1,1,3,0,3,0
1,1,2,4,20,5,15,14,1,2,1,4,15,4,11,10,1,2,1,4,11,3,8,7
1,1,3,2,17,5,12,4,1,3,1,2,12,3,9,3,1,3,1,2,9,2,7,2
4,1,3,4,9,8,1,0,1,3,4,4,1,0,1,0,1,3,4,4,1,0,1,0
2,0,1,1,34,13,21,6,0,1,2,1,21,8,13,3,0,1,2,1,13,5,8,2
1,0,0,2,0,0,0,0,0,0,1,2,0,0,0,0,0,0,1,2,0,0,0,0
2,3,2,0,12,4,8,0,3,2,2,0,8,3,5,0,3,2,2,0,5,1,4,0
4,0,0,0,4,3,1,0,0,0,4,0,1,0,1,0,0,0,4,0,1,0,1,0
4,0,4,1,38,36,2,0,0,4,4,1,2,1,1,0,0,4,4,1,1,0,1,0
3,4,1,0,11,7,4,0,4,1,3,0,4,2,2,0,4,1,3,0,2,1,1,0
1,3,2,0,0,0,0,0,3,2,1,0,0,0,0,0,3,2,1,0,0,0,0,0
2,4,1,3,10,3,7,4,4,1,2,3,7,2,5,3,4,1,2,3,5,2,3,2
4,2,1,2,5,4,1,0,2,1,4,2,1,0,1,0,2,1,4,2,1,0,1,0
0,1,3,0,36,3,33,3,1,3,0,0,33,3,30,2,1,3,0,0,30,2,28,2
0,3,1,4,6,0,6,5,3,1,0,4,6,0,6,5,3,1,0,4,6,0,6,5
2,2,0,1,14,5,9,2,2,0,2,1,9,3,6,1,2,0,2,1,6,2,4,1
1,2,2,3,1,0,1,0,2,2,1,3,1,0,1,0,2,2,1,3,1,0,1,0
2,0,1,0,14,5,9,0,0,1,2,0,9,3,6,0,0,1,2,0,6,2,4,0
1,2,0,3,18,5,13,9,2,0,1,3,13,3,10,6,2,0,1,3,10,3,7,4
1,2,3,4,18,5,13,12,2,3,1,4,13,3,10,9,2,3,1,4,10,3,7,6
2,0,4,1,34,13,21,6,0,4,2,1,21,8,13,3,0,4,2,1,13,5,8,2
3,0,4,3,38,26,12,8,0,4,3,3,12,8,4,2,0,4,3,3,4,2,2,1
1,1,0,2,13,3,10,4,1,0,1,2,10,3,7,2,1,0,1,2,7,2,5,1
3,1,2,2,35,24,11,4,1,2,3,2,11,7,4,1,1,2,3,2,4,2,2,0
2,3,4,4,20,7,13,12,3,4,2,4,13,5,8,7,3,4,2,4,8,3,5,4
1,1,2,3,22,6,16,11,1,2,1,3,16,4,12,8,1,2,1,3,12,3,9,6
4,2,4,4,38,36,2,1,2,4,4,4,2,1,1,0,2,4,4,4,1,0,1,0
2,2,1,2,15,5,10,4,2,1,2,2,10,3,7,2,2,1,2,2,7,2,5,2
2,2,2,2,15,6,9,3,2,2,2,2,9,3,6,2,2,2,2,2,6,2,4,1
0,0,0,0,12,1,11,1,0,0,0,0,11,1,10,1,0,0,0,0,10,1,9,0
3,4,0,4,20,14,6,5,4,0,3,4,6,4,2,1,4,0,3,4,2,1,1,0
2,3,2,1,9,3,6,1,3,2,2,1,6,2,4,1,3,2,2,1,4,1,3,0
2,1,0,3,6,2,4,2,1,0,2,3,4,1,3,2,1,0,2,3,3,1,2,1
3,3,2,4,7,4,3,2,3,2,3,4,3,2,1,0,3,2,3,4,1,0,1,0
4,0,0,3,16,15,1,0,0,0,4,3,1,0,1,0,0,0,4,3,1,0,1,0
1,4,4,3,11,3,8,5,4,4,1,3,8,2,6,4,4,4,1,3,6,1,5,3
2,1,0,1,4,1,3,0,1,0,2,1,3,1,2,0,1,0,2,1,2,0,2,0
0,4,0,2,1,0,1,0,4,0,0,2,1,0,1,0,4,0,0,2,1,0,1,0
2,4,2,1,14,5,9,2,4,2,2,1,9,3,6,1,4,2,2,1,6,2,4,1
4,4,0,4,23,21,2,1,4,0,4,4,2,1,1,0,4,0,4,4,1,0,1,0
2,0,4,1,28,11,17,5,0,4,2,1,17,6,11,3,0,4,2,1,11,4,7,2
3,4,3,0,19,13,6,0,4,3,3,0,6,4,2,0,4,3,3,0,2,1,1,0
0,2,2,3,21,2,19,13,2,2,0,3,19,1,18,12,2,2,0,3,18,1,17,11
0,2,3,1,17,1,16,4,2,3,0,1,16,1,15,4,2,3,0,1,15,1,14,4
0,4,0,1,6,0,6,1,4,0,0,1,6,0,6,1,4,0,0,1,6,0,6,1
3,4,0,0,4,2,2,0,4,0,3,0,2,1,1,0,4,0,3,0,1,0,1,0
2,0,4,0,38,15,23,2,0,4,2,0,23,9,14,1,0,4,2,0,14,5,9,0
1,4,2,0,0,0,0,0,4,2,1,0,0,0,0,0,4,2,1,0,0,0,0,0
2,0,1,4,28,11,17,16,0,1,2,4,17,6,11,10,0,1,2,4,11,4,7,6
3,0,1,4,33,23,10,9,0,1,3,4,10,7,3,2,0,1,3,4,3,2,1,0
3,3,2,2,1,0,1,0,3,2,3,2,1,0,1,0,3,2,3,2,1,0,1,0
1,4,3,2,3,0,3,1,4,3,1,2,3,0,3,1,4,3,1,2,3,0,3,1
3,0,2,2,39,27,12,4,0,2,3,2,12,8,4,1,0,2,3,2,4,2,2,0
1,4,4,1,15,4,11,3,4,4,1,1,11,3,8,2,4,4,1,1,8,2,6,1
4,0,1,3,19,18,1,0,0,1,4,3,1,0,1,0,0,1,4,3,1,0,1,0
1,2,3,4,23,6,17,16,2,3,1,4,17,5,12,11,2,3,1,4,12,3,9,8
2,3,4,4,20,8,12,11,3,4,2,4,12,4,8,7,3,4,2,4,8,3,5,4
3,4,4,1,7,4,3,0,4,4,3,1,3,2,1,0,4,4,3,1,1,0,1,0
0,1,3,0,35,3,32,3,1,3,0,0,32,3,29,2,1,3,0,0,29,2,27,2
2,2,0,1,4,1,3,0,2,0,2,1,3,1,2,0,2,0,2,1,2,0,2,0
0,0,1,3,21,2,19,13,0,1,0,3,19,1,18,12,0,1,0,3,18,1,17,11
4,2,0,1,14,13,1,0,2,0,4,1,1,0,1,0,2,0,4,1,1,0,1,0
0,0,4,2,27,2,25,10,0,4,0,2,25,2,23,9,0,4,0,2,23,2,21,8
4,0,0,1,5,4,1,0,0,0,4,1,1,0,1,0,0,0,4,1,1,0,1,0
2,0,0,3,17,6,11,7,0,0,2,3,11,4,7,4,0,0,2,3,7,2,5,3
0,2,0,3,27,2,25,17,2,0,0,3,25,2,23,16,2,0,0,3,23,2,21,14
3,1,1,4,19,13,6,5,1,1,3,4,6,4,2,1,1,1,3,4,2,1,1,0
0,0,0,4,8,0,8,7,0,0,0,4,8,0,8,7,0,0,0,4,8,0,8,7
0,0,4,3,21,2,19,13,0,4,0,3,19,1,18,12,0,4,0,3,18,1,17,11
1,3,4,4,22,6,16,15,3,4,1,4,16,4,12,11,3,4,1,4,12,3,9,8
3,0,2,3,34,23,11,7,0,2,3,3,11,7,4,2,0,2,3,3,4,2,2,1
0,4,1,2,5,0,5,2,4,1,0,2,5,0,5,2,4,1,0,2,5,0,5,2
2,4,2,4,7,2,5,4,4,2,2,4,5,2,3,2,4,2,2,4,3,1,2,1
3,2,3,3,19,13,6,4,2,3,3,3,6,4,2,1,2,3,3,3,2,1,1,0
2,1,1,1,19,7,12,3,1,1,2,1,12,4,8,2,1,1,2,1,8,3,5,1
0,1,3,3,31,3,28,19,1,3,0,3,28,2,26,18,1,3,0,3,26,2,24,16
3,2,4,4,14,9,5,4,2,4,3,4,5,3,2,1,2,4,3,4,2,1,1,0
4,0,0,4,10,9,1,0,0,0,4,4,1,0,1,0,0,0,4,4,1,0,1,0
2,3,0,3,7,2,5,3,3,0,2,3,5,2,3,2,3,0,2,3,3,1,2,1
3,1,1,2,14,9,5,2,1,1,3,2,5,3,2,0,1,1,3,2,2,1,1,0
4,2,0,3,2,1,1,0,2,0,4,3,1,0,1,0,2,0,4,3,1,0,1,0
0,2,0,3,5,0,5,3,2,0,0,3,5,0,5,3,2,0,0,3,5,0,5,3
4,4,2,1,4,3,1,0,4,2,4,1,1,0,1,0,4,2,4,1,1,0,1,0
4,4,1,4,3,2,1,0,4,1,4,4,1,0,1,0,4,1,4,4,1,0,1,0
2,0,2,0,32,12,20,1,0,2,2,0,20,8,12,1,0,2,2,0,12,4,8,0
2,4,2,3,21,8,13,9,4,2,2,3,13,5,8,5,4,2,2,3,8,3,5,3
1,2,3,4,4,1,3,2,2,3,1,4,3,0,3,2,2,3,1,4,3,0,3,2
0,0,2,0,24,2,22,2,0,2,0,0,22,2,20,2,0,2,0,0,20,2,18,1
4,1,0,2,28,26,2,0,1,0,4,2,2,1,1,0,1,0,4,2,1,0,1,0
1,0,3,0,13,3,10,1,0,3,1,0,10,2,8,0,0,3,1,0,8,2,6,0
1,4,3,0,19,5,14,1,4,3,1,0,14,4,10,1,4,3,1,0,10,2,8,0
3,2,3,4,28,19,9,8,2,3,3,4,9,6,3,2,2,3,3,4,3,2,1,0
1,0,0,3,4,1,3,2,0,0,1,3,3,0,3,2,0,0,1,3,3,0,3,2
1,4,1,3,9,2,7,4,4,1,1,3,7,2,5,3,4,1,1,3,5,1,4,2
2,3,2,0,17,6,11,1,3,2,2,0,11,4,7,0,3,2,2,0,7,2,5,0
3,0,1,0,1,0,1,0,0,1,3,0,1,0,1,0,0,1,3,0,1,0,1,0
3,4,0,4,9,6,3,2,4,0,3,4,3,2,1,0,4,0,3,4,1,0,1,0
1,3,3,0,25,7,18,1,3,3,1,0,18,5,13,1,3,3,1,0,13,3,10,0
2,4,0,1,6,2,4,1,4,0,2,1,4,1,3,0,4,0,2,1,3,1,2,0
3,3,4,1,11,7,4,1,3,4,3,1,4,2,2,0,3,4,3,1,2,1,1,0
2,1,4,3,28,11,17,11,1,4,2,3,17,6,11,7,1,4,2,3,11,4,7,4
0,3,2,0,7,0,7,0,3,2,0,0,7,0,7,0,3,2,0,0,7,0,7,0
0,0,3,3,35,3,32,22,0,3,0,3,32,3,29,20,0,3,0,3,29,2,27,18
4,4,0,0,1,0,1,0,4,0,4,0,1,0,1,0,4,0,4,0,1,0,1,0
0,4,4,3,18,1,17,11,4,4,0,3,17,1,16,11,4,4,0,3,16,1,15,10
2,3,4,3,29,11,18,12,3,4,2,3,18,7,11,7,3,4,2,3,11,4,7,4
0,1,3,4,22,2,20,19,1,3,0,4,20,2,18,17,1,3,0,4,18,1,17,16
0,0,1,2,5,0,5,2,0,1,0,2,5,0,5,2,0,1,0,2,5,0,5,2
2,3,2,4,1,0,1,0,3,2,2,4,1,0,1,0,3,2,2,4,1,0,1,0
2,2,3,0,27,10,17,1,2,3,2,0,17,6,11,1,2,3,2,0,11,4,7,0
4,0,4,3,35,33,2,1,0,4,4,3,2,1,1,0,0,4,4,3,1,0,1,0
1,3,1,1,1,0,1,0,3,1,1,1,1,0,1,0,3,1,1,1,1,0,1,0
1,0,0,2,3,0,3,1,0,0,1,2,3,0,3,1,0,0,1,2,3,0,3,1
0,1,2,0,29,2,27,2,1,2,0,0,27,2,25,2,1,2,0,0,25,2,23,2
0,1,1,4,29,2,27,25,1,1,0,4,27,2,25,23,1,1,0,4,25,2,23,21
4,2,0,2,11,10,1,0,2,0,4,2,1,0,1,0,2,0,4,2,1,0,1,0
3,2,2,4,14,9,5,4,2,2,3,4,5,3,2,1,2,2,3,4,2,1,1,0
4,3,2,2,0,0,0,0,3,2,4,2,0,0,0,0,3,2,4,2,0,0,0,0
2,4,0,0,5,2,3,0,4,0,2,0,3,1,2,0,4,0,2,0,2,0,2,0
4,2,3,0,12,11,1,0,2,3,4,0,1,0,1,0,2,3,4,0,1,0,1,0
3,2,1,4,24,16,8,7,2,1,3,4,8,5,3,2,2,1,3,4,3,2,1,0
1,2,3,2,14,4,10,3,2,3,1,2,10,3,7,2,2,3,1,2,7,2,5,2
4,0,4,2,25,23,2,0,0,4,4,2,2,1,1,0,0,4,4,2,1,0,1,0
2,4,1,0,10,3,7,0,4,1,2,0,7,2,5,0,4,1,2,0,5,2,3,0
4,1,2,4,18,17,1,0,1,2,4,4,1,0,1,0,1,2,4,4,1,0,1,0
1,0,1,2,11,3,8,3,0,1,1,2,8,2,6,2,0,1,1,2,6,1,5,2
4,1,2,1,22,20,2,0,1,2,4,1,2,1,1,0,1,2,4,1,1,0,1,0
3,0,3,4,38,26,12,11,0,3,3,4,12,8,4,3,0,3,3,4,4,2,2,1
3,0,0,2,15,10,5,2,0,0,3,2,5,3,2,0,0,0,3,2,2,1,1,0
1,4,2,2,12,3,9,3,4,2,1,2,9,2,7,2,4,2,1,2,7,2,5,1
4,0,2,3,33,31,2,1,0,2,4,3,2,1,1,0,0,2,4,3,1,0,1,0
4,3,1,1,17,16,1,0,3,1,4,1,1,0,1,0,3,1,4,1,1,0,1,0
3,1,0,2,25,17,8,3,1,0,3,2,8,5,3,1,1,0,3,2,3,2,1,0
3,2,3,3,39,27,12,8,2,3,3,3,12,8,4,2,2,3,3,3,4,2,2,1
1,0,2,4,26,7,19,18,0,2,1,4,19,5,14,13,0,2,1,4,14,4,10,9
4,4,2,4,10,9,1,0,4,2,4,4,1,0,1,0,4,2,4,4,1,0,1,0
2,4,0,4,1,0,1,0,4,0,2,4,1,0,1,0,4,0,2,4,1,0,1,0
4,2,2,1,16,15,1,0,2,2,4,1,1,0,1,0,2,2,4,1,1,0,1,0
0,0,4,0,37,3,34,3,0,4,0,0,34,3,31,3,0,4,0,0,31,3,28,2
1,4,1,4,8,2,6,5,4,1,1,4,6,1,5,4,4,1,1,4,5,1,4,3
3,0,2,1,28,19,9,2,0,2,3,1,9,6,3,0,0,2,3,1,3,2,1,0
0,2,4,4,29,2,27,25,2,4,0,4,27,2,25,23,2,4,0,4,25,2,23,21
0,3,1,0,28,2,26,2,3,1,0,0,26,2,24,2,3,1,0,0,24,2,22,2
1,3,0,2,7,2,5,2,3,0,1,2,5,1,4,1,3,0,1,2,4,1,3,1
3,1,3,3,27,18,9,6,1,3,3,3,9,6,3,2,1,3,3,3,3,2,1,0
2,0,4,4,30,11,19,18,0,4,2,4,19,7,12,11,0,4,2,4,12,4,8,7
0,0,3,0,35,3,32,3,0,3,0,0,32,3,29,2,0,3,0,0,29,2,27,2
2,0,3,3,36,14,22,15,0,3,2,3,22,8,14,9,0,3,2,3,14,5,9,6
1,4,0,2,3,0,3,1,4,0,1,2,3,0,3,1,4,0,1,2,3,0,3,1
2,4,3,0,2,0,2,0,4,3,2,0,2,0,2,0,4,3,2,0,2,0,2,0
4,4,3,0,8,7,1,0,4,3,4,0,1,0,1,0,4,3,4,0,1,0,1,0
2,1,2,4,35,13,22,20,1,2,2,4,22,8,14,13,1,2,2,4,14,5,9,8
0,4,1,4,14,1,13,12,4,1,0,4,13,1,12,11,4,1,0,4,12,1,11,10
2,0,1,0,31,12,19,1,0,1,2,0,19,7,12,1,0,1,2,0,12,4,8,0
3,1,2,2,27,18,9,3,1,2,3,2,9,6,3,1,1,2,3,2,3,2,1,0
1,4,4,4,5,1,4,3,4,4,1,4,4,1,3,2,4,4,1,4,3,0,3,2
0,4,3,1,0,0,0,0,4,3,0,1,0,0,0,0,4,3,0,1,0,0,0,0
4,1,0,0,14,13,1,0,1,0,4,0,1,0,1,0,1,0,4,0,1,0,1,0
2,0,4,3,30,12,18,12,0,4,2,3,18,7,11,7,0,4,2,3,11,4,7,4
2,4,2,1,13,5,8,2,4,2,2,1,8,3,5,1,4,2,2,1,5,1,4,1
4,3,1,2,14,13,1,0,3,1,4,2,1,0,1,0,3,1,4,2,1,0,1,0
0,4,1,0,1,0,1,0,4,1,0,0,1,0,1,0,4,1,0,0,1,0,1,0
3,3,0,1,5,3,2,0,3,0,3,1,2,1,1,0,3,0,3,1,1,0,1,0
3,0,3,0,34,23,11,1,0,3,3,0,11,7,4,0,0,3,3,0,4,2,2,0
1,3,0,1,6,1,5,1,3,0,1,1,5,1,4,1,3,0,1,1,4,1,3,0
4,4,1,2,10,9,1,0,4,1,4,2,1,0,1,0,4,1,4,2,1,0,1,0
3,3,1,3,12,8,4,2,3,1,3,3,4,2,2,1,3,1,3,3,2,1,1,0
3,1,2,0,29,20,9,0,1,2,3,0,9,6,3,0,1,2,3,0,3,2,1,0
2,4,0,1,10,3,7,2,4,0,2,1,7,2,5,1,4,0,2,1,5,2,3,0
1,4,2,3,20,5,15,10,4,2,1,3,15,4,11,7,4,2,1,3,11,3,8,5
2,3,1,3,5,2,3,2,3,1,2,3,3,1,2,1,3,1,2,3,2,0,2,1
2,4,0,1,9,3,6,1,4,0,2,1,6,2,4,1,4,0,2,1,4,1,3,0
4,0,0,1,11,10,1,0,0,0,4,1,1,0,1,0,0,0,4,1,1,0,1,0
4,4,1,1,9,8,1,0,4,1,4,1,1,0,1,0,4,1,4,1,1,0,1,0
2,3,1,0,6,2,4,0,3,1,2,0,4,1,3,0,3,1,2,0,3,1,2,0
1,3,0,3,3,0,3,2,3,0,1,3,3,0,3,2,3,0,1,3,3,0,3,2
2,0,3,1,32,12,20,5,0,3,2,1,20,8,12,3,0,3,2,1,12,4,8,2
3,1,0,2,11,7,4,1,1,0,3,2,4,2,2,0,1,0,3,2,2,1,1,0
3,0,2,4,21,14,7,6,0,2,3,4,7,4,3,2,0,2,3,4,3,2,1,0
0,4,2,4,5,0,5,4,4,2,0,4,5,0,5,4,4,2,0,4,5,0,5,4
3,1,3,1,19,13,6,1,1,3,3,1,6,4,2,0,1,3,3,1,2,1,1,0
2,1,4,3,30,11,19,13,1,4,2,3,19,7,12,8,1,4,2,3,12,4,8,5
4,4,2,3,2,1,1,0,4,2,4,3,1,0,1,0,4,2,4,3,1,0,1,0
4,1,4,3,27,25,2,1,1,4,4,3,2,1,1,0,1,4,4,3,1,0,1,0
1,3,3,4,15,4,11,10,3,3,1,4,11,3,8,7,3,3,1,4,8,2,6,5
0,4,1,3,0,0,0,0,4,1,0,3,0,0,0,0,4,1,0,3,0,0,0,0
3,3,1,2,4,2,2,0,3,1,3,2,2,1,1,0,3,1,3,2,1,0,1,0
4,2,3,3,23,21,2,1,2,3,4,3,2,1,1,0,2,3,4,3,1,0,1,0
2,4,0,4,6,2,4,3,4,0,2,4,4,1,3,2,4,0,2,4,3,1,2,1
0,0,3,4,28,2,26,24,0,3,0,4,26,2,24,22,0,3,0,4,24,2,22,20
2,1,3,2,24,9,15,6,1,3,2,2,15,6,9,3,1,3,2,2,9,3,6,2
3,0,2,1,15,10,5,1,0,2,3,1,5,3,2,0,0,2,3,1,2,1,1,0
0,0,1,4,16,1,15,14,0,1,0,4,15,1,14,13,0,1,0,4,14,1,13,12
0,2,3,2,20,2,18,7,2,3,0,2,18,1,17,6,2,3,0,2,17,1,16,6
0,1,0,0,21,2,19,1,1,0,0,0,19,1,18,1,1,0,0,0,18,1,17,1
4,2,0,4,20,19,1,0,2,0,4,4,1,0,1,0,2,0,4,4,1,0,1,0
3,4,2,4,0,0,0,0,4,2,3,4,0,0,0,0,4,2,3,4,0,0,0,0
3,2,4,3,34,23,11,7,2,4,3,3,11,7,4,2,2,4,3,3,4,2,2,1
1,4,4,3,5,1,4,2,4,4,1,3,4,1,3,2,4,4,1,3,3,0,3,2
3,3,4,1,19,13,6,1,3,4,3,1,6,4,2,0,3,4,3,1,2,1,1,0
3,0,1,3,6,4,2,1,0,1,3,3,2,1,1,0,0,1,3,3,1,0,1,0
4,2,4,1,18,17,1,0,2,4,4,1,1,0,1,0,2,4,4,1,1,0,1,0
4,4,4,3,10,9,1,0,4,4,4,3,1,0,1,0,4,4,4,3,1,0,1,0
3,3,0,1,15,10,5,1,3,0,3,1,5,3,2,0,3,0,3,1,2,1,1,0
2,1,1,2,0,0,0,0,1,1,2,2,0,0,0,0,1,1,2,2,0,0,0,0
1,2,3,3,32,9,23,16,2,3,1,3,23,6,17,11,2,3,1,3,17,5,12,8
2,3,4,3,12,4,8,5,3,4,2,3,8,3,5,3,3,4,2,3,5,2,3,2
4,2,2,0,20,19,1,0,2,2,4,0,1,0,1,0,2,2,4,0,1,0,1,0
4,4,2,2,16,15,1,0,4,2,4,2,1,0,1,0,4,2,4,2,1,0,1,0
3,1,3,0,34,23,11,1,1,3,3,0,11,7,4,0,1,3,3,0,4,2,2,0
0,4,0,0,5,0,5,0,4,0,0,0,5,0,5,0,4,0,0,0,5,0,5,0
3,4,2,4,13,9,4,3,4,2,3,4,4,2,2,1,4,2,3,4,2,1,1,0
2,2,4,4,32,12,20,18,2,4,2,4,20,7,13,12,2,4,2,4,13,5,8,7
2,4,4,4,7,2,5,4,4,4,2,4,5,1,4,3,4,4,2,4,4,1,3,2
4,1,0,0,1,0,1,0,1,0,4,0,1,0,1,0,1,0,4,0,1,0,1,0
4,1,3,3,37,35,2,1,1,3,4,3,2,1,1,0,1,3,4,3,1,0,1,0
3,1,1,3,20,14,6,4,1,1,3,3,6,4,2,1,1,1,3,3,2,1,1,0
1,4,4,2,6,1,5,1,4,4,1,2,5,1,4,1,4,4,1,2,4,1,3,1
0,2,3,1,15,1,14,4,2,3,0,1,14,1,13,3,2,3,0,1,13,1,12,3
3,0,4,1,39,27,12,3,0,4,3,1,12,8,4,1,0,4,3,1,4,2,2,0
1,1,2,3,17,5,12,8,1,2,1,3,12,3,9,6,1,2,1,3,9,2,7,4
3,2,0,1,5,3,2,0,2,0,3,1,2,1,1,0,2,0,3,1,1,0,1,0
1,0,1,4,18,5,13,12,0,1,1,4,13,3,10,9,0,1,1,4,10,3,7,6
1,1,3,4,36,10,26,24,1,3,1,4,26,7,19,18,1,3,1,4,19,5,14,13
1,0,3,4,25,7,18,17,0,3,1,4,18,5,13,12,0,3,1,4,13,3,10,9
3,2,1,0,12,8,4,0,2,1,3,0,4,2,2,0,2,1,3,0,2,1,1,0
4,4,0,4,2,1,1,0,4,0,4,4,1,0,1,0,4,0,4,4,1,0,1,0
1,3,4,2,26,7,19,7,3,4,1,2,19,5,14,5,3,4,1,2,14,4,10,4
0,3,4,1,4,0,4,1,3,4,0,1,4,0,4,1,3,4,0,1,4,0,4,1
2,2,0,1,7,2,5,1,2,0,2,1,5,1,4,1,2,0,2,1,4,1,3,0
1,1,3,3,30,8,22,15,1,3,1,3,22,6,16,11,1,3,1,3,16,4,12,8
4,3,3,2,18,17,1,0,3,3,4,2,1,0,1,0,3,3,4,2,1,0,1,0
3,3,1,1,14,9,5,1,3,1,3,1,5,3,2,0,3,1,3,1,2,1,1,0
2,1,2,0,33,13,20,2,1,2,2,0,20,7,13,1,1,2,2,0,13,5,8,0
2,2,4,1,29,11,18,5,2,4,2,1,18,7,11,3,2,4,2,1,11,4,7,2
2,2,0,1,0,0,0,0,2,0,2,1,0,0,0,0,2,0,2,1,0,0,0,0
2,1,1,3,31,12,19,13,1,1,2,3,19,7,12,8,1,1,2,3,12,4,8,5
0,2,0,0,12,1,11,1,2,0,0,0,11,1,10,1,2,0,0,0,10,1,9,0
3,0,4,1,32,22,10,2,0,4,3,1,10,7,3,0,0,4,3,1,3,2,1,0
0,0,1,2,22,2,20,7,0,1,0,2,20,2,18,7,0,1,0,2,18,1,17,6
2,4,3,4,10,4,6,5,4,3,2,4,6,2,4,3,4,3,2,4,4,1,3,2
4,1,2,4,28,26,2,1,1,2,4,4,2,1,1,0,1,2,4,4,1,0,1,0
1,0,4,0,38,11,27,2,0,4,1,0,27,8,19,1,0,4,1,0,19,5,14,1
2,4,4,4,14,5,9,8,4,4,2,4,9,3,6,5,4,4,2,4,6,2,4,3
2,1,2,4,13,5,8,7,1,2,2,4,8,3,5,4,1,2,2,4,5,2,3,2
3,1,3,3,15,10,5,3,1,3,3,3,5,3,2,1,1,3,3,3,2,1,1,0
2,4,0,0,0,0,0,0,4,0,2,0,0,0,0,0,4,0,2,0,0,0,0,0
4,3,3,2,16,15,1,0,3,3,4,2,1,0,1,0,3,3,4,2,1,0,1,0
1,2,4,2,30,9,21,8,2,4,1,2,21,6,15,5,2,4,1,2,15,4,11,4
4,4,4,3,3,2,1,0,4,4,4,3,1,0,1,0,4,4,4,3,1,0,1,0
3,4,2,2,3,2,1,0,4,2,3,2,1,0,1,0,4,2,3,2,1,0,1,0
1,1,1,0,25,7,18,1,1,1,1,0,18,5,13,1,1,1,1,0,13,3,10,0
0,2,2,0,20,2,18,1,2,2,0,0,18,1,17,1,2,2,0,0,17,1,16,1
0,3,3,1,6,0,6,1,3,3,0,1,6,0,6,1,3,3,0,1,6,0,6,1
4,1,2,2,24,22,2,0,1,2,4,2,2,1,1,0,1,2,4,2,1,0,1,0
0,3,0,3,0,0,0,0,3,0,0,3,0,0,0,0,3,0,0,3,0,0,0,0
2,3,4,1,22,8,14,4,3,4,2,1,14,5,9,2,3,4,2,1,9,3,6,1
0,3,4,2,14,1,13,5,3,4,0,2,13,1,12,4,3,4,0,2,12,1,11,4
4,4,3,4,4,3,1,0,4,3,4,4,1,0,1,0,4,3,4,4,1,0,1,0
2,4,2,1,2,0,2,0,4,2,2,1,2,0,2,0,4,2,2,1,2,0,2,0
1,2,2,2,7,2,5,2,2,2,1,2,5,1,4,1,2,2,1,2,4,1,3,1
2,4,2,2,17,6,11,4,4,2,2,2,11,4,7,2,4,2,2,2,7,2,5,2
3,4,3,3,4,2,2,1,4,3,3,3,2,1,1,0,4,3,3,3,1,0,1,0
2,0,1,4,36,14,22,20,0,1,2,4,22,8,14,13,0,1,2,4,14,5,9,8
3,4,4,1,13,9,4,1,4,4,3,1,4,2,2,0,4,4,3,1,2,1,1,0
3,1,4,1,25,17,8,2,1,4,3,1,8,5,3,0,1,4,3,1,3,2,1,0
2,4,2,3,17,6,11,7,4,2,2,3,11,4,7,4,4,2,2,3,7,2,5,3
1,0,1,1,23,6,17,5,0,1,1,1,17,5,12,3,0,1,1,1,12,3,9,2
1,1,4,3,24,7,17,11,1,4,1,3,17,5,12,8,1,4,1,3,12,3,9,6
4,3,0,4,11,10,1,0,3,0,4,4,1,0,1,0,3,0,4,4,1,0,1,0
0,2,0,4,7,0,7,6,2,0,0,4,7,0,7,6,2,0,0,4,7,0,7,6
4,0,4,2,39,37,2,0,0,4,4,2,2,1,1,0,0,4,4,2,1,0,1,0
0,3,4,1,24,2,22,6,3,4,0,1,22,2,20,5,3,4,0,1,20,1,19,5
0,2,2,0,7,0,7,0,2,2,0,0,7,0,7,0,2,2,0,0,7,0,7,0
3,4,0,2,2,1,1,0,4,0,3,2,1,0,1,0,4,0,3,2,1,0,1,0
3,4,0,0,5,3,2,0,4,0,3,0,2,1,1,0,4,0,3,0,1,0,1,0
4,1,1,2,4,3,1,0,1,1,4,2,1,0,1,0,1,1,4,2,1,0,1,0
1,2,1,4,11,3,8,7,2,1,1,4,8,2,6,5,2,1,1,4,6,1,5,4
0,4,4,2,5,0,5,2,4,4,0,2,5,0,5,1,4,4,0,2,5,0,5,2
2,2,2,0,18,7,11,1,2,2,2,0,11,4,7,0,2,2,2,0,7,2,5,0
1,3,1,2,1,0,1,0,3,1,1,2,1,0,1,0,3,1,1,2,1,0,1,0
2,3,3,3,23,9,14,9,3,3,2,3,14,5,9,6,3,3,2,3,9,3,6,4
4,2,3,4,27,25,2,1,2,3,4,4,2,1,1,0,2,3,4,4,1,0,1,0
3,2,2,1,17,11,6,1,2,2,3,1,6,4,2,0,2,2,3,1,2,1,1,0
3,2,3,2,8,5,3,1,2,3,3,2,3,2,1,0,2,3,3,2,1,0,1,0
2,3,2,0,5,2,3,0,3,2,2,0,3,1,2,0,3,2,2,0,2,0,2,0
1,1,2,1,23,6,17,5,1,2,1,1,17,5,12,3,1,2,1,1,12,3,9,2
1,2,4,1,16,4,12,3,2,4,1,1,12,3,9,2,2,4,1,1,9,2,7,2
1,0,4,3,35,10,25,17,0,4,1,3,25,7,18,12,0,4,1,3,18,5,13,9
1,4,1,1,4,1,3,0,4,1,1,1,3,0,3,0,4,1,1,1,3,0,3,0
3,4,4,1,15,10,5,1,4,4,3,1,5,3,2,0,4,4,3,1,2,1,1,0
0,2,0,1,4,0,4,1,2,0,0,1,4,0,4,1,2,0,0,1,4,0,4,1
1,0,1,1,18,5,13,3,0,1,1,1,13,3,10,2,0,1,1,1,10,3,7,2
4,3,0,3,10,9,1,0,3,0,4,3,1,0,1,0,3,0,4,3,1,0,1,0
1,2,1,2,4,1,3,1,2,1,1,2,3,0,3,1,2,1,1,2,3,0,3,1
0,4,1,2,4,0,4,1,4,1,0,2,4,0,4,1,4,1,0,2,4,0,4,1
0,2,1,1,10,0,10,2,2,1,0,1,10,0,10,3,2,1,0,1,10,1,9,2
4,2,4,1,25,23,2,0,2,4,4,1,2,1,1,0,2,4,4,1,1,0,1,0
1,2,4,2,34,10,24,9,2,4,1,2,24,7,17,6,2,4,1,2,17,5,12,4
2,0,1,1,27,10,17,5,0,1,2,1,17,6,11,3,0,1,2,1,11,4,7,2
3,1,2,2,33,23,10,3,1,2,3,2,10,6,4,1,1,2,3,2,4,2,2,0
2,0,2,1,27,10,17,5,0,2,2,1,17,6,11,3,0,2,2,1,11,4,7,2
2,3,3,3,1,0,1,0,3,3,2,3,1,0,1,0,3,3,2,3,1,0,1,0
1,3,4,3,25,7,18,12,3,4,1,3,18,5,13,9,3,4,1,3,13,3,10,6
4,1,1,1,14,13,1,0,1,1,4,1,1,0,1,0,1,1,4,1,1,0,1,0
4,4,3,0,14,13,1,0,4,3,4,0,1,0,1,0,4,3,4,0,1,0,1,0
4,4,0,2,0,0,0,0,4,0,4,2,0,0,0,0,4,0,4,2,0,0,0,0
2,4,4,4,13,5,8,7,4,4,2,4,8,3,5,4,4,4,2,4,5,2,3,2
2,0,2,1,7,2,5,1,0,2,2,1,5,2,3,0,0,2,2,1,3,1,2,0
1,1,3,1,17,5,12,3,1,3,1,1,12,3,9,2,1,3,1,1,9,2,7,2
4,3,4,3,19,18,1,0,3,4,4,3,1,0,1,0,3,4,4,3,1,0,1,0
2,3,1,2,16,6,10,3,3,1,2,2,10,4,6,2,3,1,2,2,6,2,4,1
2,1,1,0,39,15,24,2,1,1,2,0,24,9,15,1,1,1,2,0,15,5,10,1
1,0,2,2,37,11,26,10,0,2,1,2,26,7,19,7,0,2,1,2,19,5,14,5
3,2,1,0,5,3,2,0,2,1,3,0,2,1,1,0,2,1,3,0,1,0,1,0
1,1,2,3,19,5,14,9,1,2,1,3,14,4,10,7,1,2,1,3,10,2,8,5
4,4,4,0,24,22,2,0,4,4,4,0,2,1,1,0,4,4,4,0,1,0,1,0
3,1,3,0,32,22,10,0,1,3,3,0,10,7,3,0,1,3,3,0,3,2,1,0
0,4,3,3,21,2,19,13,4,3,0,3,19,1,18,12,4,3,0,3,18,1,17,11
0,1,4,0,33,3,30,2,1,4,0,0,30,2,28,2,1,4,0,0,28,2,26,2
3,3,3,3,12,8,4,2,3,3,3,3,4,2,2,1,3,3,3,3,2,1,1,0
4,4,3,2,7,6,1,0,4,3,4,2,1,0,1,0,4,3,4,2,1,0,1,0
3,4,1,3,7,4,3,2,4,1,3,3,3,2,1,0,4,1,3,3,1,0,1,0
2,3,1,2,16,6,10,3,3,1,2,2,10,4,6,2,3,1,2,2,6,2,4,1
2,4,1,3,11,4,7,4,4,1,2,3,7,2,5,3,4,1,2,3,5,2,3,2
1,3,3,1,12,3,9,2,3,3,1,1,9,2,7,2,3,3,1,1,7,2,5,1
2,3,1,2,12,4,8,3,3,1,2,2,8,3,5,2,3,1,2,2,5,2,3,1
4,1,0,2,33,31,2,0,1,0,4,2,2,1,1,0,1,0,4,2,1,0,1,0
4,1,4,1,35,33,2,0,1,4,4,1,2,1,1,0,1,4,4,1,1,0,1,0
1,1,1,0,9,2,7,0,1,1,1,0,7,2,5,0,1,1,1,0,5,1,4,0
1,1,4,4,34,10,24,22,1,4,1,4,24,7,17,16,1,4,1,4,17,5,12,11
4,1,0,1,4,3,1,0,1,0,4,1,1,0,1,0,1,0,4,1,1,0,1,0
3,3,3,1,8,5,3,0,3,3,3,1,3,2,1,0,3,3,3,1,1,0,1,0
0,1,4,4,29,2,27,25,1,4,0,4,27,2,25,23,1,4,0,4,25,2,23,21
2,3,1,2,3,1,2,0,3,1,2,2,2,0,2,0,3,1,2,2,2,0,2,0
2,4,1,1,22,8,14,4,4,1,2,1,14,5,9,2,4,1,2,1,9,3,6,1
3,4,3,4,15,10,5,4,4,3,3,4,5,3,2,1,4,3,3,4,2,1,1,0
4,0,3,3,38,36,2,1,0,3,4,3,2,1,1,0,0,3,4,3,1,0,1,0
0,0,3,3,23,2,21,14,0,3,0,3,21,2,19,13,0,3,0,3,19,1,18,12
1,4,1,4,6,1,5,4,4,1,1,4,5,1,4,3,4,1,1,4,4,1,3,2
2,4,4,3,13,5,8,5,4,4,2,3,8,3,5,3,4,4,2,3,5,2,3,2
0,3,2,2,8,0,8,3,3,2,0,2,8,0,8,3,3,2,0,2,8,0,8,3
1,3,0,1,1,0,1,0,3,0,1,1,1,0,1,0,3,0,1,1,1,0,1,0
3,2,1,3,8,5,3,2,2,1,3,3,3,2,1,0,2,1,3,3,1,0,1,0
4,2,3,3,22,20,2,1,2,3,4,3,2,1,1,0,2,3,4,3,1,0,1,0
4,3,3,0,21,19,2,0,3,3,4,0,2,1,1,0,3,3,4,0,1,0,1,0
3,3,2,1,8,5,3,0,3,2,3,1,3,2,1,0,3,2,3,1,1,0,1,0
1,3,0,2,7,2,5,2,3,0,1,2,5,1,4,1,3,0,1,2,4,1,3,1
3,1,2,4,19,13,6,5,1,2,3,4,6,4,2,1,1,2,3,4,2,1,1,0
3,1,0,3,2,1,1,0,1,0,3,3,1,0,1,0,1,0,3,3,1,0,1,0
3,0,3,1,22,15,7,2,0,3,3,1,7,4,3,0,0,3,3,1,3,2,1,0
3,0,2,0,29,20,9,0,0,2,3,0,9,6,3,0,0,2,3,0,3,2,1,0
2,1,0,2,10,4,6,2,1,0,2,2,6,2,4,1,1,0,2,2,4,1,3,1
0,3,3,4,0,0,0,0,3,3,0,4,0,0,0,0,3,3,0,4,0,0,0,0
4,2,3,0,39,37,2,0,2,3,4,0,2,1,1,0,2,3,4,0,1,0,1,0
1,3,2,3,7,2,5,3,3,2,1,3,5,1,4,2,3,2,1,3,4,1,3,2
2,3,4,4,27,10,17,16,3,4,2,4,17,6,11,10,3,4,2,4,11,4,7,6
4,1,1,1,12,11,1,0,1,1,4,1,1,0,1,0,1,1,4,1,1,0,1,0
4,2,4,2,25,23,2,0,2,4,4,2,2,1,1,0,2,4,4,2,1,0,1,0
1,3,4,2,37,11,26,10,3,4,1,2,26,7,19,7,3,4,1,2,19,5,14,5
0,1,1,3,9,0,9,6,1,1,0,3,9,0,9,6,1,1,0,3,9,0,9,6
1,1,3,4,30,9,21,19,1,3,1,4,21,6,15,14,1,3,1,4,15,4,11,10
4,1,0,0,16,15,1,0,1,0,4,0,1,0,1,0,1,0,4,0,1,0,1,0
0,3,1,1,11,1,10,3,3,1,0,1,10,0,10,2,3,1,0,1,10,0,10,3
0,1,3,4,26,2,24,22,1,3,0,4,24,2,22,20,1,3,0,4,22,2,20,18
3,3,3,3,20,14,6,4,3,3,3,3,6,4,2,1,3,3,3,3,2,1,1,0
3,4,2,1,10,6,4,1,4,2,3,1,4,2,2,0,4,2,3,1,2,1,1,0
3,0,1,1,12,8,4,1,0,1,3,1,4,2,2,0,0,1,3,1,2,1,1,0
0,4,0,1,22,2,20,6,4,0,0,1,20,2,18,5,4,0,0,1,18,1,17,5
3,0,2,1,32,22,10,2,0,2,3,1,10,7,3,0,0,2,3,1,3,2,1,0
3,1,1,2,16,11,5,1,1,1,3,2,5,3,2,0,1,1,3,2,2,1,1,0
1,0,3,0,38,11,27,2,0,3,1,0,27,8,19,1,0,3,1,0,19,5,14,1
0,4,4,3,11,1,10,7,4,4,0,3,10,1,9,6,4,4,0,3,9,0,9,6
0,1,2,2,17,1,16,6,1,2,0,2,16,1,15,6,1,2,0,2,15,1,14,5
4,3,3,1,10,9,1,0,3,3,4,1,1,0,1,0,3,3,4,1,1,0,1,0
1,4,4,1,10,3,7,2,4,4,1,1,7,2,5,1,4,4,1,1,5,1,4,1
3,2,3,0,30,21,9,0,2,3,3,0,9,6,3,0,2,3,3,0,3,2,1,0
1,1,4,3,33,9,24,16,1,4,1,3,24,7,17,11,1,4,1,3,17,5,12,8
1,2,2,4,15,4,11,10,2,2,1,4,11,3,8,7,2,2,1,4,8,2,6,5
3,1,3,1,28,19,9,2,1,3,3,1,9,6,3,0,1,3,3,1,3,2,1,0
1,2,1,0,10,3,7,0,2,1,1,0,7,2,5,0,2,1,1,0,5,1,4,0
4,2,4,1,23,21,2,0,2,4,4,1,2,1,1,0,2,4,4,1,1,0,1,0
2,2,0,4,5,2,3,2,2,0,2,4,3,1,2,1,2,0,2,4,2,0,2,1
1,4,0,2,22,6,16,6,4,0,1,2,16,4,12,4,4,0,1,2,12,3,9,3
4,0,2,2,26,24,2,0,0,2,4,2,2,1,1,0,0,2,4,2,1,0,1,0
1,3,4,3,8,2,6,4,3,4,1,3,6,1,5,3,3,4,1,3,5,1,4,2
4,1,4,2,39,37,2,0,1,4,4,2,2,1,1,0,1,4,4,2,1,0,1,0
3,2,2,3,24,16,8,5,2,2,3,3,8,5,3,2,2,2,3,3,3,2,1,0
0,3,3,2,20,2,18,7,3,3,0,2,18,1,17,6,3,3,0,2,17,1,16,6
0,3,3,2,22,2,20,7,3,3,0,2,20,2,18,7,3,3,0,2,18,1,17,6
3,1,3,0,33,23,10,0,1,3,3,0,10,7,3,0,1,3,3,0,3,2,1,0
2,2,2,1,26,10,16,4,2,2,2,1,16,6,10,2,2,2,2,1,10,3,7,2
3,3,0,0,7,4,3,0,3,0,3,0,3,2,1,0,3,0,3,0,1,0,1,0
2,1,0,0,8,3,5,0,1,0,2,0,5,2,3,0,1,0,2,0,3,1,2,0
4,3,4,2,7,6,1,0,3,4,4,2,1,0,1,0,3,4,4,2,1,0,1,0
2,0,4,2,32,12,20,7,0,4,2,2,20,8,12,4,0,4,2,2,12,4,8,3
2,4,1,3,12,4,8,5,4,1,2,3,8,3,5,3,4,1,2,3,5,1,4,2
4,2,0,3,3,2,1,0,2,0,4,3,1,0,1,0,2,0,4,3,1,0,1,0
3,3,0,4,2,1,1,0,3,0,3,4,1,0,1,0,3,0,3,4,1,0,1,0
0,3,2,1,11,1,10,2,3,2,0,1,10,1,9,2,3,2,0,1,9,0,9,2
1,2,3,2,22,6,16,6,2,3,1,2,16,4,12,4,2,3,1,2,12,3,9,3
4,4,4,1,12,11,1,0,4,4,4,1,1,0,1,0,4,4,4,1,1,0,1,0
0,4,4,3,19,1,18,12,4,4,0,3,18,1,17,11,4,4,0,3,17,1,16,11
3,0,3,0,26,18,8,0,0,3,3,0,8,5,3,0,0,3,3,0,3,2,1,0
1,2,2,2,26,7,19,7,2,2,1,2,19,5,14,5,2,2,1,2,14,4,10,3
1,2,4,4,28,8,20,19,2,4,1,4,20,5,15,14,2,4,1,4,15,4,11,10
0,4,1,2,6,0,6,2,4,1,0,2,6,0,6,2,4,1,0,2,6,0,6,2
4,2,1,0,1,0,1,0,2,1,4,0,1,0,1,0,2,1,4,0,1,0,1,0
0,2,1,1,12,1,11,3,2,1,0,1,11,1,10,2,2,1,0,1,10,1,9,2
2,0,3,3,27,10,17,11,0,3,2,3,17,6,11,7,0,3,2,3,11,4,7,4
0,0,2,4,20,1,19,18,0,2,0,4,19,1,18,17,0,2,0,4,18,1,17,16
4,3,2,0,11,10,1,0,3,2,4,0,1,0,1,0,3,2,4,0,1,0,1,0
2,3,4,2,23,9,14,5,3,4,2,2,14,5,9,3,3,4,2,2,9,3,6,2
4,2,3,3,36,34,2,1,2,3,4,3,2,1,1,0,2,3,4,3,1,0,1,0
1,2,1,0,12,3,9,0,2,1,1,0,9,2,7,0,2,1,1,0,7,2,5,0
1,3,1,4,5,1,4,3,3,1,1,4,4,1,3,2,3,1,1,4,3,0,3,2
3,3,3,0,0,0,0,0,3,3,3,0,0,0,0,0,3,3,3,0,0,0,0,0
1,2,2,1,15,4,11,3,2,2,1,1,11,3,8,2,2,2,1,1,8,2,6,1
3,4,2,1,2,1,1,0,4,2,3,1,1,0,1,0,4,2,3,1,1,0,1,0
0,2,1,1,5,0,5,1,2,1,0,1,5,0,5,1,2,1,0,1,5,0,5,1
2,3,2,2,6,2,4,1,3,2,2,2,4,1,3,1,3,2,2,2,3,1,2,0
2,0,1,1,16,6,10,2,0,1,2,1,10,3,7,2,0,1,2,1,7,2,5,1
3,0,4,3,33,23,10,6,0,4,3,3,10,7,3,2,0,4,3,3,3,2,1,0
1,0,2,4,29,8,21,19,0,2,1,4,21,6,15,14,0,2,1,4,15,4,11,10
3,2,3,2,8,5,3,1,2,3,3,2,3,2,1,0,2,3,3,2,1,0,1,0
4,0,0,1,6,5,1,0,0,0,4,1,1,0,1,0,0,0,4,1,1,0,1,0
3,2,3,0,14,9,5,0,2,3,3,0,5,3,2,0,2,3,3,0,2,1,1,0
1,2,1,3,18,5,13,9,2,1,1,3,13,3,10,7,2,1,1,3,10,2,8,5
3,1,1,2,22,15,7,2,1,1,3,2,7,4,3,1,1,1,3,2,3,2,1,0
4,4,2,2,16,15,1,0,4,2,4,2,1,0,1,0,4,2,4,2,1,0,1,0
1,4,3,3,13,3,10,7,4,3,1,3,10,3,7,4,4,3,1,3,7,2,5,3
4,1,0,3,18,17,1,0,1,0,4,3,1,0,1,0,1,0,4,3,1,0,1,0
4,0,3,2,34,32,2,0,0,3,4,2,2,1,1,0,0,3,4,2,1,0,1,0
2,4,0,3,4,1,3,2,4,0,2,3,3,1,2,1,4,0,2,3,2,0,2,1
0,3,3,4,4,0,4,3,3,3,0,4,4,0,4,3,3,3,0,4,4,0,4,3
4,2,0,0,12,11,1,0,2,0,4,0,1,0,1,0,2,0,4,0,1,0,1,0
2,4,4,2,0,0,0,0,4,4,2,2,0,0,0,0,4,4,2,2,0,0,0,0
1,2,2,0,31,9,22,2,2,2,1,0,22,6,16,1,2,2,1,0,16,4,12,1
4,0,4,1,26,24,2,0,0,4,4,1,2,1,1,0,0,4,4,1,1,0,1,0
2,4,2,0,6,2,4,0,4,2,2,0,4,1,3,0,4,2,2,0,3,1,2,0
3,4,2,4,11,7,4,3,4,2,3,4,4,2,2,1,4,2,3,4,2,1,1,0
1,2,2,0,18,5,13,1,2,2,1,0,13,3,10,1,2,2,1,0,10,2,8,0
0,1,0,2,4,0,4,1,1,0,0,2,4,0,4,1,1,0,0,2,4,0,4,1
1,3,1,1,6,1,5,1,3,1,1,1,5,1,4,1,3,1,1,1,4,1,3,0
0,1,1,2,9,0,9,3,1,1,0,2,9,0,9,3,1,1,0,2,9,0,9,3
0,3,0,3,6,0,6,4,3,0,0,3,6,0,6,4,3,0,0,3,6,0,6,4
2,4,2,3,11,4,7,4,4,2,2,3,7,2,5,3,4,2,2,3,5,2,3,2
0,2,1,3,16,1,15,10,2,1,0,3,15,1,14,9,2,1,0,3,14,1,13,9
1,3,0,1,8,2,6,1,3,0,1,1,6,1,5,1,3,0,1,1,5,1,4,1
0,0,2,0,24,2,22,2,0,2,0,0,22,2,20,1,0,2,0,0,20,1,19,1
3,2,1,0,12,8,4,0,2,1,3,0,4,2,2,0,2,1,3,0,2,1,1,0
4,4,0,2,8,7,1,0,4,0,4,2,1,0,1,0,4,0,4,2,1,0,1,0
2,1,2,3,20,8,12,8,1,2,2,3,12,4,8,5,1,2,2,3,8,3,5,3
0,2,3,0,26,2,24,2,2,3,0,0,24,2,22,2,2,3,0,0,22,2,20,2
2,0,4,0,31,12,19,1,0,4,2,0,19,7,12,1,0,4,2,0,12,4,8,0
3,3,0,1,13,9,4,1,3,0,3,1,4,2,2,0,3,0,3,1,2,1,1,0
1,4,1,2,1,0,1,0,4,1,1,2,1,0,1,0,4,1,1,2,1,0,1,0
3,4,2,4,1,0,1,0,4,2,3,4,1,0,1,0,4,2,3,4,1,0,1,0
4,0,1,3,9,8,1,0,0,1,4,3,1,0,1,0,0,1,4,3,1,0,1,0
3,2,1,4,20,14,6,5,2,1,3,4,6,4,2,1,2,1,3,4,2,1,1,0
1,0,0,1,3,0,3,0,0,0,1,1,3,0,3,0,0,0,1,1,3,0,3,0
4,2,4,2,18,17,1,0,2,4,4,2,1,0,1,0,2,4,4,2,1,0,1,0
2,3,1,1,10,3,7,2,3,1,2,1,7,2,5,1,3,1,2,1,5,1,4,1
4,3,2,0,10,9,1,0,3,2,4,0,1,0,1,0,3,2,4,0,1,0,1,0
3,2,2,0,28,19,9,0,2,2,3,0,9,6,3,0,2,2,3,0,3,2,1,0
0,1,1,4,1,0,1,0,1,1,0,4,1,0,1,0,1,1,0,4,1,0,1,0
0,4,3,2,8,0,8,3,4,3,0,2,8,0,8,3,4,3,0,2,8,0,8,3
4,4,4,0,14,13,1,0,4,4,4,0,1,0,1,0,4,4,4,0,1,0,1,0
0,2,4,4,37,3,34,32,2,4,0,4,34,3,31,29,2,4,0,4,31,3,28,26
1,2,3,4,39,11,28,26,2,3,1,4,28,8,20,18,2,3,1,4,20,5,15,14
3,1,4,4,34,23,11,10,1,4,3,4,11,7,4,3,1,4,3,4,4,2,2,1
4,1,4,3,32,30,2,1,1,4,4,3,2,1,1,0,1,4,4,3,1,0,1,0
0,2,3,0,33,3,30,2,2,3,0,0,30,3,27,2,2,3,0,0,27,2,25,2
3,4,4,4,2,1,1,0,4,4,3,4,1,0,1,0,4,4,3,4,1,0,1,0
4,4,3,0,3,2,1,0,4,3,4,0,1,0,1,0,4,3,4,0,1,0,1,0
3,0,4,1,38,26,12,3,0,4,3,1,12,8,4,1,0,4,3,1,4,2,2,0
4,0,4,2,36,34,2,0,0,4,4,2,2,1,1,0,0,4,4,2,1,0,1,0
0,3,4,0,25,2,23,2,3,4,0,0,23,2,21,2,3,4,0,0,21,2,19,1
3,2,1,2,9,6,3,1,2,1,3,2,3,2,1,0,2,1,3,2,1,0,1,0
4,3,3,2,26,24,2,0,3,3,4,2,2,1,1,0,3,3,4,2,1,0,1,0
2,0,2,4,17,6,11,10,0,2,2,4,11,4,7,6,0,2,2,4,7,2,5,4
1,2,4,2,27,8,19,7,2,4,1,2,19,5,14,5,2,4,1,2,14,4,10,4
1,3,4,0,27,8,19,1,3,4,1,0,19,5,14,1,3,4,1,0,14,4,10,0
4,0,2,3,39,37,2,1,0,2,4,3,2,1,1,0,0,2,4,3,1,0,1,0
0,1,2,2,6,0,6,2,1,2,0,2,6,0,6,2,1,2,0,2,6,0,6,2
1,2,1,4,8,2,6,5,2,1,1,4,6,1,5,4,2,1,1,4,5,1,4,3
3,4,2,1,1,0,1,0,4,2,3,1,1,0,1,0,4,2,3,1,1,0,1,0
0,1,0,4,16,1,15,14,1,0,0,4,15,1,14,13,1,0,0,4,14,1,13,12
3,3,4,0,13,9,4,0,3,4,3,0,4,2,2,0,3,4,3,0,2,1,1,0
2,2,4,1,24,9,15,4,2,4,2,1,15,5,10,2,2,4,2,1,10,4,6,1
3,0,1,3,33,23,10,7,0,1,3,3,10,6,4,2,0,1,3,3,4,2,2,1
3,3,4,0,10,6,4,0,3,4,3,0,4,2,2,0,3,4,3,0,2,1,1,0
0,2,0,3,0,0,0,0,2,0,0,3,0,0,0,0,2,0,0,3,0,0,0,0
2,0,1,3,8,3,5,3,0,1,2,3,5,2,3,2,0,1,2,3,3,1,2,1
3,1,4,1,34,23,11,3,1,4,3,1,11,7,4,1,1,4,3,1,4,2,2,0
1,2,2,4,26,7,19,18,2,2,1,4,19,5,14,13,2,2,1,4,14,4,10,9
1,3,1,3,9,2,7,4,3,1,1,3,7,2,5,3,3,1,1,3,5,1,4,2
3,4,1,0,0,0,0,0,4,1,3,0,0,0,0,0,4,1,3,0,0,0,0,0
3,0,1,3,35,24,11,7,0,1,3,3,11,7,4,2,0,1,3,3,4,2,2,1
1,0,3,0,34,10,24,2,0,3,1,0,24,7,17,1,0,3,1,0,17,5,12,1
4,2,0,4,2,1,1,0,2,0,4,4,1,0,1,0,2,0,4,4,1,0,1,0
3,1,4,3,37,25,12,8,1,4,3,3,12,8,4,2,1,4,3,3,4,2,2,1
4,3,3,1,18,17,1,0,3,3,4,1,1,0,1,0,3,3,4,1,1,0,1,0
1,4,0,1,5,1,4,1,4,0,1,1,4,1,3,0,4,0,1,1,3,0,3,0
1,2,3,3,31,9,22,15,2,3,1,3,22,6,16,11,2,3,1,3,16,4,12,8
4,3,4,4,8,7,1,0,3,4,4,4,1,0,1,0,3,4,4,4,1,0,1,0
0,4,4,2,5,0,5,1,4,4,0,2,5,0,5,1,4,4,0,2,5,0,5,2
0,4,2,1,9,0,9,2,4,2,0,1,9,0,9,2,4,2,0,1,9,0,9,2
0,0,3,2,26,2,24,9,0,3,0,2,24,2,22,8,0,3,0,2,22,2,20,7
2,3,0,4,4,1,3,2,3,0,2,4,3,1,2,1,3,0,2,4,2,0,2,1
2,3,2,4,0,0,0,0,3,2,2,4,0,0,0,0,3,2,2,4,0,0,0,0
4,3,4,1,23,21,2,0,3,4,4,1,2,1,1,0,3,4,4,1,1,0,1,0
2,3,2,0,27,10,17,1,3,2,2,0,17,6,11,1,3,2,2,0,11,4,7,0
0,1,0,2,17,1,16,6,1,0,0,2,16,1,15,6,1,0,0,2,15,1,14,5
0,4,1,1,7,0,7,2,4,1,0,1,7,0,7,2,4,1,0,1,7,0,7,2
2,4,4,0,6,2,4,0,4,4,2,0,4,1,3,0,4,4,2,0,3,1,2,0
1,1,0,0,1,0,1,0,1,0,1,0,1,0,1,0,1,0,1,0,1,0,1,0
0,0,1,3,28,2,26,18,0,1,0,3,26,2,24,16,0,1,0,3,24,2,22,15
1,4,2,2,0,0,0,0,4,2,1,2,0,0,0,0,4,2,1,2,0,0,0,0
4,4,0,0,3,2,1,0,4,0,4,0,1,0,1,0,4,0,4,0,1,0,1,0
1,3,0,0,14,4,10,1,3,0,1,0,10,2,8,0,3,0,1,0,8,2,6,0
4,2,0,0,7,6,1,0,2,0,4,0,1,0,1,0,2,0,4,0,1,0,1,0
3,2,3,0,30,21,9,0,2,3,3,0,9,6,3,0,2,3,3,0,3,2,1,0
0,1,2,1,14,1,13,3,1,2,0,1,13,1,12,3,1,2,0,1,12,1,11,3
1,0,3,2,34,10,24,9,0,3,1,2,24,7,17,6,0,3,1,2,17,5,12,4
4,0,2,2,21,19,2,0,0,2,4,2,2,1,1,0,0,2,4,2,1,0,1,0
2,3,1,4,24,9,15,14,3,1,2,4,15,6,9,8,3,1,2,4,9,3,6,5
4,2,4,3,26,24,2,1,2,4,4,3,2,1,1,0,2,4,4,3,1,0,1,0
0,3,0,3,11,1,10,7,3,0,0,3,10,1,9,6,3,0,0,3,9,0,9,6
0,2,0,3,10,1,9,6,2,0,0,3,9,0,9,6,2,0,0,3,9,0,9,6
1,0,2,1,25,7,18,5,0,2,1,1,18,5,13,3,0,2,1,1,13,3,10,2
2,3,3,4,37,14,23,21,3,3,2,4,23,9,14,13,3,3,2,4,14,5,9,8
0,0,4,1,29,2,27,8,0,4,0,1,27,2,25,7,0,4,0,1,25,2,23,6
0,1,1,3,4,0,4,2,1,1,0,3,4,0,4,2,1,1,0,3,4,0,4,2
3,1,3,0,21,14,7,0,1,3,3,0,7,4,3,0,1,3,3,0,3,2,1,0
2,0,4,0,39,15,24,2,0,4,2,0,24,9,15,1,0,4,2,0,15,6,9,0
1,2,1,2,22,6,16,6,2,1,1,2,16,4,12,4,2,1,1,2,12,3,9,3
0,2,1,2,1,0,1,0,2,1,0,2,1,0,1,0,2,1,0,2,1,0,1,0
4,4,4,4,17,16,1,0,4,4,4,4,1,0,1,0,4,4,4,4,1,0,1,0
1,4,4,4,5,1,4,3,4,4,1,4,4,1,3,2,4,4,1,4,3,0,3,2
3,3,3,0,19,13,6,0,3,3,3,0,6,4,2,0,3,3,3,0,2,1,1,0
3,0,3,2,36,25,11,4,0,3,3,2,11,7,4,1,0,3,3,2,4,2,2,0
3,2,2,3,10,7,3,2,2,2,3,3,3,2,1,0,2,2,3,3,1,0,1,0
0,1,1,0,6,0,6,0,1,1,0,0,6,0,6,0,1,1,0,0,6,0,6,0
4,3,0,3,9,8,1,0,3,0,4,3,1,0,1,0,3,0,4,3,1,0,1,0
1,2,4,0,27,8,19,1,2,4,1,0,19,5,14,1,2,4,1,0,14,4,10,0
1,4,2,2,3,0,3,1,4,2,1,2,3,0,3,1,4,2,1,2,3,0,3,1
1,2,2,2,6,1,5,1,2,2,1,2,5,1,4,1,2,2,1,2,4,1,3,1
0,4,0,3,19,1,18,12,4,0,0,3,18,1,17,11,4,0,0,3,17,1,16,11
0,1,0,1,7,0,7,2,1,0,0,1,7,0,7,2,1,0,0,1,7,0,7,2
3,0,1,3,30,20,10,7,0,1,3,3,10,6,4,2,0,1,3,3,4,2,2,1
1,2,1,0,7,2,5,0,2,1,1,0,5,1,4,0,2,1,1,0,4,1,3,0
0,2,3,0,35,3,32,3,2,3,0,0,32,3,29,2,2,3,0,0,29,2,27,2
2,2,0,1,7,2,5,1,2,0,2,1,5,2,3,0,2,0,2,1,3,1,2,0
1,2,0,4,10,3,7,6,2,0,1,4,7,2,5,4,2,0,1,4,5,1,4,3
0,4,1,1,31,3,28,8,4,1,0,1,28,2,26,7,4,1,0,1,26,2,24,7
2,2,1,2,27,10,17,6,2,1,2,2,17,6,11,4,2,1,2,2,11,4,7,2
0,4,0,0,15,1,14,1,4,0,0,0,14,1,13,1,4,0,0,0,13,1,12,1
2,3,4,4,37,14,23,21,3,4,2,4,23,9,14,13,3,4,2,4,14,5,9,8
3,0,0,0,9,6,3,0,0,0,3,0,3,2,1,0,0,0,3,0,1,0,1,0
1,1,3,4,19,5,14,13,1,3,1,4,14,4,10,9,1,3,1,4,10,3,7,6
1,1,0,3,3,0,3,2,1,0,1,3,3,0,3,2,1,0,1,3,3,0,3,2
0,3,1,3,10,0,10,6,3,1,0,3,10,0,10,7,3,1,0,3,10,1,9,6
4,0,2,2,30,28,2,0,0,2,4,2,2,1,1,0,0,2,4,2,1,0,1,0
1,3,2,0,22,6,16,1,3,2,1,0,16,4,12,1,3,2,1,0,12,3,9,0
4,0,4,1,39,37,2,0,0,4,4,1,2,1,1,0,0,4,4,1,1,0,1,0
0,0,0,4,12,1,11,10,0,0,0,4,11,1,10,9,0,0,0,4,10,0,10,9
4,1,3,3,37,35,2,1,1,3,4,3,2,1,1,0,1,3,4,3,1,0,1,0
0,2,3,1,20,1,19,5,2,3,0,1,19,1,18,5,2,3,0,1,18,1,17,5
2,3,4,2,18,7,11,4,3,4,2,2,11,4,7,2,3,4,2,2,7,2,5,2
1,0,2,3,38,11,27,18,0,2,1,3,27,8,19,13,0,2,1,3,19,5,14,9
2,4,4,3,8,3,5,3,4,4,2,3,5,1,4,2,4,4,2,3,4,1,3,2
0,0,0,1,18,1,17,5,0,0,0,1,17,1,16,4,0,0,0,1,16,1,15,4
4,4,2,3,6,5,1,0,4,2,4,3,1,0,1,0,4,2,4,3,1,0,1,0
0,4,0,3,15,1,14,9,4,0,0,3,14,1,13,9,4,0,0,3,13,1,12,8
2,0,0,3,1,0,1,0,0,0,2,3,1,0,1,0,0,0,2,3,1,0,1,0
4,1,2,1,23,21,2,0,1,2,4,1,2,1,1,0,1,2,4,1,1,0,1,0
4,3,0,1,13,12,1,0,3,0,4,1,1,0,1,0,3,0,4,1,1,0,1,0
4,0,2,1,38,36,2,0,0,2,4,1,2,1,1,0,0,2,4,1,1,0,1,0
1,3,4,3,12,3,9,6,3,4,1,3,9,2,7,4,3,4,1,3,7,2,5,3
4,3,1,4,7,6,1,0,3,1,4,4,1,0,1,0,3,1,4,4,1,0,1,0
4,0,2,0,25,23,2,0,0,2,4,0,2,1,1,0,0,2,4,0,1,0,1,0
4,1,1,0,16,15,1,0,1,1,4,0,1,0,1,0,1,1,4,0,1,0,1,0
4,1,4,0,28,26,2,0,1,4,4,0,2,1,1,0,1,4,4,0,1,0,1,0
4,1,3,0,18,17,1,0,1,3,4,0,1,0,1,0,1,3,4,0,1,0,1,0
3,1,4,4,22,15,7,6,1,4,3,4,7,4,3,2,1,4,3,4,3,2,1,0
0,1,4,2,36,3,33,13,1,4,0,2,33,3,30,11,1,4,0,2,30,3,27,10
2,1,2,2,11,4,7,2,1,2,2,2,7,2,5,2,1,2,2,2,5,1,4,1
2,4,0,0,1,0,1,0,4,0,2,0,1,0,1,0,4,0,2,0,1,0,1,0
3,3,4,0,10,6,4,0,3,4,3,0,4,2,2,0,3,4,3,0,2,1,1,0
2,1,4,4,38,15,23,21,1,4,2,4,23,9,14,13,1,4,2,4,14,5,9,8
2,3,4,4,21,8,13,12,3,4,2,4,13,5,8,7,3,4,2,4,8,3,5,4
1,4,3,3,27,8,19,13,4,3,1,3,19,5,14,9,4,3,1,3,14,4,10,6
1,4,3,0,1,0,1,0,4,3,1,0,1,0,1,0,4,3,1,0,1,0,1,0
1,2,4,1,29,8,21,6,2,4,1,1,21,6,15,4,2,4,1,1,15,4,11,3
0,3,3,0,23,2,21,2,3,3,0,0,21,2,19,1,3,3,0,0,19,1,18,1
3,3,4,4,8,5,3,2,3,4,3,4,3,2,1,0,3,4,3,4,1,0,1,0
2,3,3,2,25,9,16,6,3,3,2,2,16,6,10,4,3,3,2,2,10,3,7,2
4,4,1,3,3,2,1,0,4,1,4,3,1,0,1,0,4,1,4,3,1,0,1,0
2,4,4,3,25,9,16,11,4,4,2,3,16,6,10,7,4,4,2,3,10,3,7,4
1,4,1,3,20,6,14,9,4,1,1,3,14,4,10,6,4,1,1,3,10,3,7,4
2,3,4,4,27,10,17,16,3,4,2,4,17,6,11,10,3,4,2,4,11,4,7,6
1,3,0,4,24,7,17,16,3,0,1,4,17,5,12,11,3,0,1,4,12,3,9,8
3,2,4,4,27,18,9,8,2,4,3,4,9,6,3,2,2,4,3,4,3,2,1,0
1,0,2,3,22,6,16,11,0,2,1,3,16,4,12,8,0,2,1,3,12,3,9,6
0,4,3,0,19,1,18,1,4,3,0,0,18,1,17,1,4,3,0,0,17,1,16,1
2,0,4,0,38,15,23,2,0,4,2,0,23,9,14,1,0,4,2,0,14,5,9,0
2,3,0,4,14,5,9,8,3,0,2,4,9,3,6,5,3,0,2,4,6,2,4,3
3,2,2,3,16,11,5,3,2,2,3,3,5,3,2,1,2,2,3,3,2,1,1,0
1,1,1,2,14,4,10,4,1,1,1,2,10,3,7,2,1,1,1,2,7,2,5,2
1,2,1,1,6,1,5,1,2,1,1,1,5,1,4,1,2,1,1,1,4,1,3,0
1,2,0,4,3,0,3,2,2,0,1,4,3,0,3,2,2,0,1,4,3,0,3,2
4,3,1,2,16,15,1,0,3,1,4,2,1,0,1,0,3,1,4,2,1,0,1,0
2,1,0,0,8,3,5,0,1,0,2,0,5,2,3,0,1,0,2,0,3,1,2,0
0,4,2,0,16,1,15,1,4,2,0,0,15,1,14,1,4,2,0,0,14,1,13,1
4,2,0,1,2,1,1,0,2,0,4,1,1,0,1,0,2,0,4,1,1,0,1,0
1,2,4,3,27,8,19,13,2,4,1,3,19,5,14,9,2,4,1,3,14,4,10,7
4,3,0,3,3,2,1,0,3,0,4,3,1,0,1,0,3,0,4,3,1,0,1,0
0,0,2,4,11,1,10,9,0,2,0,4,10,0,10,9,0,2,0,4,10,1,9,8
0,1,0,2,14,1,13,5,1,0,0,2,13,1,12,4,1,0,0,2,12,1,11,4
4,0,0,1,18,17,1,0,0,0,4,1,1,0,1,0,0,0,4,1,1,0,1,0
2,3,4,1,17,6,11,3,3,4,2,1,11,4,7,2,3,4,2,1,7,2,5,1
3,2,0,4,10,7,3,2,2,0,3,4,3,2,1,0,2,0,3,4,1,0,1,0
3,0,1,1,17,11,6,1,0,1,3,1,6,4,2,0,0,1,3,1,2,1,1,0
1,0,4,2,33,9,24,9,0,4,1,2,24,7,17,6,0,4,1,2,17,5,12,4
2,2,4,3,22,8,14,9,2,4,2,3,14,5,9,6,2,4,2,3,9,3,6,4
3,1,3,1,38,26,12,3,1,3,3,1,12,8,4,1,1,3,3,1,4,2,2,0
1,3,3,2,27,8,19,7,3,3,1,2,19,5,14,5,3,3,1,2,14,4,10,3
2,3,1,3,1,0,1,0,3,1,2,3,1,0,1,0,3,1,2,3,1,0,1,0
1,2,1,3,9,2,7,4,2,1,1,3,7,2,5,3,2,1,1,3,5,1,4,2
2,2,0,2,20,8,12,4,2,0,2,2,12,4,8,3,2,0,2,2,8,3,5,1
0,4,0,1,3,0,3,0,4,0,0,1,3,0,3,0,4,0,0,1,3,0,3,0
4,1,0,4,6,5,1,0,1,0,4,4,1,0,1,0,1,0,4,4,1,0,1,0
2,1,3,1,30,12,18,5,1,3,2,1,18,7,11,3,1,3,2,1,11,4,7,2
0,0,1,0,27,2,25,2,0,1,0,0,25,2,23,2,0,1,0,0,23,2,21,2
1,3,1,1,1,0,1,0,3,1,1,1,1,0,1,0,3,1,1,1,1,0,1,0
0,1,2,0,6,0,6,0,1,2,0,0,6,0,6,0,1,2,0,0,6,0,6,0
1,1,4,3,33,9,24,16,1,4,1,3,24,7,17,11,1,4,1,3,17,5,12,8
4,1,4,2,39,37,2,0,1,4,4,2,2,1,1,0,1,4,4,2,1,0,1,0
0,2,2,2,15,1,14,5,2,2,0,2,14,1,13,5,2,2,0,2,13,1,12,4
1,4,1,4,27,8,19,18,4,1,1,4,19,5,14,13,4,1,1,4,14,4,10,9
4,2,4,3,37,35,2,1,2,4,4,3,2,1,1,0,2,4,4,3,1,0,1,0
4,3,1,2,12,11,1,0,3,1,4,2,1,0,1,0,3,1,4,2,1,0,1,0
0,0,4,0,38,3,35,3,0,4,0,0,35,3,32,3,0,4,0,0,32,3,29,2
1,3,1,3,6,1,5,3,3,1,1,3,5,1,4,2,3,1,1,3,4,1,3,2
4,1,0,2,0,0,0,0,1,0,4,2,0,0,0,0,1,0,4,2,0,0,0,0
1,4,4,4,13,3,10,9,4,4,1,4,10,3,7,6,4,4,1,4,7,2,5,4
2,4,0,0,6,2,4,0,4,0,2,0,4,1,3,0,4,0,2,0,3,1,2,0
3,0,3,3,34,23,11,7,0,3,3,3,11,7,4,2,0,3,3,3,4,2,2,1
2,2,3,2,24,9,15,6,2,3,2,2,15,6,9,3,2,3,2,2,9,3,6,2
3,1,0,2,16,11,5,1,1,0,3,2,5,3,2,0,1,0,3,2,2,1,1,0
4,0,3,2,29,27,2,0,0,3,4,2,2,1,1,0,0,3,4,2,1,0,1,0
4,3,3,0,4,3,1,0,3,3,4,0,1,0,1,0,3,3,4,0,1,0,1,0
1,3,1,4,26,7,19,18,3,1,1,4,19,5,14,13,3,1,1,4,14,4,10,9
4,3,2,0,14,13,1,0,3,2,4,0,1,0,1,0,3,2,4,0,1,0,1,0
3,3,4,0,20,13,7,0,3,4,3,0,7,4,3,0,3,4,3,0,3,2,1,0
0,1,2,3,32,3,29,20,1,2,0,3,29,2,27,18,1,2,0,3,27,2,25,17
0,3,0,4,11,1,10,9,3,0,0,4,10,0,10,9,3,0,0,4,10,0,10,9
3,3,0,1,7,4,3,0,3,0,3,1,3,2,1,0,3,0,3,1,1,0,1,0
3,0,2,4,23,16,7,6,0,2,3,4,7,4,3,2,0,2,3,4,3,2,1,0
3,2,1,4,13,9,4,3,2,1,3,4,4,2,2,1,2,1,3,4,2,1,1,0
2,3,4,3,31,12,19,13,3,4,2,3,19,7,12,8,3,4,2,3,12,4,8,5
2,4,3,1,22,8,14,4,4,3,2,1,14,5,9,2,4,3,2,1,9,3,6,1
0,1,3,1,21,2,19,5,1,3,0,1,19,1,18,5,1,3,0,1,18,1,17,5
0,0,4,1,38,3,35,10,0,4,0,1,35,3,32,9,0,4,0,1,32,3,29,8
3,3,1,3,16,11,5,3,3,1,3,3,5,3,2,1,3,1,3,3,2,1,1,0
2,3,1,2,9,3,6,2,3,1,2,2,6,2,4,1,3,1,2,2,4,1,3,1
3,0,2,0,37,25,12,1,0,2,3,0,12,8,4,0,0,2,3,0,4,2,2,0
4,2,1,0,19,18,1,0,2,1,4,0,1,0,1,0,2,1,4,0,1,0,1,0
2,0,4,4,32,12,20,19,0,4,2,4,20,7,13,12,0,4,2,4,13,5,8,7
2,2,1,1,19,7,12,3,2,1,2,1,12,4,8,2,2,1,2,1,8,3,5,1
2,3,1,3,0,0,0,0,3,1,2,3,0,0,0,0,3,1,2,3,0,0,0,0
2,1,3,0,31,12,19,1,1,3,2,0,19,7,12,1,1,3,2,0,12,4,8,0
4,0,2,4,14,13,1,0,0,2,4,4,1,0,1,0,0,2,4,4,1,0,1,0
1,3,1,3,4,1,3,2,3,1,1,3,3,0,3,2,3,1,1,3,3,0,3,2
4,4,2,0,8,7,1,0,4,2,4,0,1,0,1,0,4,2,4,0,1,0,1,0
2,0,3,4,24,9,15,14,0,3,2,4,15,6,9,8,0,3,2,4,9,3,6,5
4,2,0,3,11,10,1,0,2,0,4,3,1,0,1,0,2,0,4,3,1,0,1,0
4,3,4,2,31,29,2,0,3,4,4,2,2,1,1,0,3,4,4,2,1,0,1,0
1,3,4,4,2,0,2,1,3,4,1,4,2,0,2,1,3,4,1,4,2,0,2,1
3,3,4,1,32,22,10,3,3,4,3,1,10,7,3,0,3,4,3,1,3,2,1,0
1,1,1,3,10,2,8,5,1,1,1,3,8,2,6,4,1,1,1,3,6,1,5,3
2,0,2,4,33,13,20,18,0,2,2,4,20,7,13,12,0,2,2,4,13,5,8,7
2,0,4,0,36,14,22,2,0,4,2,0,22,8,14,1,0,4,2,0,14,5,9,0
3,3,2,2,2,1,1,0,3,2,3,2,1,0,1,0,3,2,3,2,1,0,1,0
3,0,3,3,21,14,7,4,0,3,3,3,7,4,3,2,0,3,3,3,3,2,1,0
3,0,2,2,19,13,6,2,0,2,3,2,6,4,2,0,0,2,3,2,2,1,1,0
0,4,4,3,19,1,18,12,4,4,0,3,18,1,17,11,4,4,0,3,17,1,16,11
0,0,3,2,36,3,33,13,0,3,0,2,33,3,30,11,0,3,0,2,30,2,28,11
2,0,4,2,38,15,23,9,0,4,2,2,23,9,14,5,0,4,2,2,14,5,9,3
3,2,0,0,11,7,4,0,2,0,3,0,4,2,2,0,2,0,3,0,2,1,1,0
3,2,1,4,3,2,1,0,2,1,3,4,1,0,1,0,2,1,3,4,1,0,1,0
0,2,4,4,31,3,28,26,2,4,0,4,28,2,26,24,2,4,0,4,26,2,24,22
2,3,2,3,29,11,18,12,3,2,2,3,18,7,11,7,3,2,2,3,11,4,7,4
4,4,0,0,10,9,1,0,4,0,4,0,1,0,1,0,4,0,4,0,1,0,1,0
1,3,4,0,6,1,5,0,3,4,1,0,5,1,4,0,3,4,1,0,4,1,3,0
4,2,4,2,22,20,2,0,2,4,4,2,2,1,1,0,2,4,4,2,1,0,1,0
2,0,3,1,27,10,17,5,0,3,2,1,17,6,11,3,0,3,2,1,11,4,7,2
3,2,3,2,22,15,7,2,2,3,3,2,7,4,3,1,2,3,3,2,3,2,1,0
3,3,2,3,9,6,3,2,3,2,3,3,3,2,1,0,3,2,3,3,1,0,1,0
1,1,3,2,29,8,21,8,1,3,1,2,21,6,15,5,1,3,1,2,15,4,11,4
0,3,2,2,25,2,23,9,3,2,0,2,23,2,21,8,3,2,0,2,21,2,19,7
3,3,3,4,18,12,6,5,3,3,3,4,6,4,2,1,3,3,3,4,2,1,1,0
3,1,1,0,32,22,10,1,1,1,3,0,10,6,4,0,1,1,3,0,4,2,2,0
3,4,2,1,24,16,8,2,4,2,3,1,8,5,3,0,4,2,3,1,3,2,1,0
2,2,2,4,8,3,5,4,2,2,2,4,5,2,3,2,2,2,2,4,3,1,2,1
4,1,3,4,27,25,2,1,1,3,4,4,2,1,1,0,1,3,4,4,1,0,1,0
1,3,1,4,14,4,10,9,3,1,1,4,10,2,8,7,3,1,1,4,8,2,6,5
4,0,1,4,19,18,1,0,0,1,4,4,1,0,1,0,0,1,4,4,1,0,1,0
0,4,4,1,2,0,2,0,4,4,0,1,2,0,2,0,4,4,0,1,2,0,2,0
1,1,3,2,34,10,24,9,1,3,1,2,24,7,17,6,1,3,1,2,17,5,12,4
2,3,3,2,21,8,13,5,3,3,2,2,13,5,8,3,3,3,2,2,8,3,5,2
1,2,3,0,25,7,18,1,2,3,1,0,18,5,13,1,2,3,1,0,13,3,10,1
0,3,1,2,14,1,13,5,3,1,0,2,13,1,12,4,3,1,0,2,12,1,11,4
2,4,4,2,22,8,14,5,4,4,2,2,14,5,9,3,4,4,2,2,9,3,6,2
3,0,0,0,19,13,6,0,0,0,3,0,6,4,2,0,0,0,3,0,2,1,1,0
3,3,3,1,34,23,11,3,3,3,3,1,11,7,4,1,3,3,3,1,4,2,2,0
0,3,4,3,14,1,13,9,3,4,0,3,13,1,12,8,3,4,0,3,12,1,11,7
4,0,1,4,10,9,1,0,0,1,4,4,1,0,1,0,0,1,4,4,1,0,1,0
0,4,0,1,17,1,16,4,4,0,0,1,16,1,15,4,4,0,0,1,15,1,14,4
4,1,1,1,35,33,2,0,1,1,4,1,2,1,1,0,1,1,4,1,1,0,1,0
0,0,4,4,34,3,31,29,0,4,0,4,31,3,28,26,0,4,0,4,28,2,26,24
0,4,2,3,7,0,7,4,4,2,0,3,7,0,7,4,4,2,0,3,7,0,7,4
3,4,2,0,10,7,3,0,4,2,3,0,3,2,1,0,4,2,3,0,1,0,1,0
3,3,0,3,2,1,1,0,3,0,3,3,1,0,1,0,3,0,3,3,1,0,1,0
0,2,0,4,19,1,18,17,2,0,0,4,18,1,17,16,2,0,0,4,17,1,16,15
4,2,0,4,9,8,1,0,2,0,4,4,1,0,1,0,2,0,4,4,1,0,1,0
1,3,1,3,17,5,12,8,3,1,1,3,12,3,9,6,3,1,1,3,9,2,7,4
4,2,4,0,36,34,2,0,2,4,4,0,2,1,1,0,2,4,4,0,1,0,1,0
2,2,2,3,28,11,17,11,2,2,2,3,17,6,11,7,2,2,2,3,11,4,7,4
0,2,1,0,12,1,11,1,2,1,0,0,11,1,10,0,2,1,0,0,10,0,10,0
1,0,1,3,24,7,17,11,0,1,1,3,17,5,12,8,0,1,1,3,12,3,9,6
0,0,1,4,38,3,35,33,0,1,0,4,35,3,32,30,0,1,0,4,32,3,29,27
0,1,4,2,39,3,36,14,1,4,0,2,36,3,33,13,1,4,0,2,33,3,30,12
4,1,2,2,26,24,2,0,1,2,4,2,2,1,1,0,1,2,4,2,1,0,1,0
0,2,4,2,22,2,20,7,2,4,0,2,20,2,18,7,2,4,0,2,18,1,17,6
2,0,4,2,31,12,19,7,0,4,2,2,19,7,12,4,0,4,2,2,12,4,8,3
0,2,4,3,15,1,14,9,2,4,0,3,14,1,13,9,2,4,0,3,13,1,12,8
1,0,2,4,31,9,22,20,0,2,1,4,22,6,16,15,0,2,1,4,16,4,12,11
2,2,1,3,22,8,14,9,2,1,2,3,14,5,9,6,2,1,2,3,9,3,6,4
0,1,0,1,10,0,10,2,1,0,0,1,10,1,9,2,1,0,0,1,9,0,9,2
0,3,0,2,8,0,8,3,3,0,0,2,8,0,8,3,3,0,0,2,8,0,8,3
3,3,4,0,3,2,1,0,3,4,3,0,1,0,1,0,3,4,3,0,1,0,1,0
1,0,0,4,23,6,17,16,0,0,1,4,17,5,12,11,0,0,1,4,12,3,9,8
1,1,3,0,24,7,17,1,1,3,1,0,17,5,12,1,1,3,1,0,12,3,9,0
0,3,4,0,25,2,23,2,3,4,0,0,23,2,21,2,3,4,0,0,21,2,19,1
0,3,4,3,13,1,12,8,3,4,0,3,12,1,11,7,3,4,0,3,11,1,10,6
1,0,4,1,37,10,27,8,0,4,1,1,27,8,19,5,0,4,1,1,19,5,14,4
1,2,2,1,18,5,13,3,2,2,1,1,13,3,10,3,2,2,1,1,10,2,8,2
4,2,0,4,0,0,0,0,2,0,4,4,0,0,0,0,2,0,4,4,0,0,0,0
2,2,0,2,3,1,2,0,2,0,2,2,2,0,2,0,2,0,2,2,2,0,2,0
0,0,1,3,22,2,20,13,0,1,0,3,20,2,18,12,0,1,0,3,18,1,17,11
3,3,2,1,7,4,3,0,3,2,3,1,3,2,1,0,3,2,3,1,1,0,1,0
4,4,2,2,20,19,1,0,4,2,4,2,1,0,1,0,4,2,4,2,1,0,1,0
0,0,3,3,32,3,29,20,0,3,0,3,29,2,27,18,0,3,0,3,27,2,25,17
0,4,0,3,0,0,0,0,4,0,0,3,0,0,0,0,4,0,0,3,0,0,0,0
1,0,4,4,36,10,26,24,0,4,1,4,26,7,19,18,0,4,1,4,19,5,14,13
1,1,2,1,17,5,12,3,1,2,1,1,12,3,9,2,1,2,1,1,9,2,7,2
0,0,1,1,20,1,19,5,0,1,0,1,19,1,18,5,0,1,0,1,18,1,17,5
1,4,1,2,18,5,13,5,4,1,1,2,13,3,10,3,4,1,1,2,10,2,8,3
3,4,3,0,10,7,3,0,4,3,3,0,3,2,1,0,4,3,3,0,1,0,1,0
0,2,2,4,8,0,8,7,2,2,0,4,8,0,8,7,2,2,0,4,8,0,8,7
2,4,2,1,39,15,24,7,4,2,2,1,24,9,15,4,4,2,2,1,15,6,9,2
0,4,0,2,1,0,1,0,4,0,0,2,1,0,1,0,4,0,0,2,1,0,1,0
1,0,2,0,39,11,28,2,0,2,1,0,28,8,20,2,0,2,1,0,20,5,15,1
3,3,0,0,3,2,1,0,3,0,3,0,1,0,1,0,3,0,3,0,1,0,1,0
0,0,0,2,8,0,8,3,0,0,0,2,8,0,8,3,0,0,0,2,8,0,8,3
4,4,2,2,13,12,1,0,4,2,4,2,1,0,1,0,4,2,4,2,1,0,1,0
2,4,2,4,12,4,8,7,4,2,2,4,8,3,5,4,4,2,2,4,5,2,3,2
0,1,3,1,29,2,27,8,1,3,0,1,27,2,25,7,1,3,0,1,25,2,23,6
4,2,0,3,5,4,1,0,2,0,4,3,1,0,1,0,2,0,4,3,1,0,1,0
0,0,0,2,7,0,7,2,0,0,0,2,7,0,7,2,0,0,0,2,7,0,7,2
2,4,4,3,24,9,15,10,4,4,2,3,15,6,9,6,4,4,2,3,9,3,6,4
4,4,0,0,13,12,1,0,4,0,4,0,1,0,1,0,4,0,4,0,1,0,1,0
1,2,1,0,11,3,8,0,2,1,1,0,8,2,6,0,2,1,1,0,6,1,5,0
0,2,2,1,11,1,10,3,2,2,0,1,10,0,10,2,2,2,0,1,10,1,9,2
3,2,2,1,11,7,4,1,2,2,3,1,4,2,2,0,2,2,3,1,2,1,1,0
0,4,4,1,13,1,12,3,4,4,0,1,12,1,11,3,4,4,0,1,11,1,10,3
4,2,4,0,18,17,1,0,2,4,4,0,1,0,1,0,2,4,4,0,1,0,1,0
0,1,3,4,11,1,10,9,1,3,0,4,10,0,10,9,1,3,0,4,10,1,9,8
0,1,3,0,27,2,25,2,1,3,0,0,25,2,23,2,1,3,0,0,23,2,21,2
1,4,0,0,16,4,12,1,4,0,1,0,12,3,9,0,4,0,1,0,9,2,7,0
4,3,1,0,21,19,2,0,3,1,4,0,2,1,1,0,3,1,4,0,1,0,1,0
4,4,3,2,4,3,1,0,4,3,4,2,1,0,1,0,4,3,4,2,1,0,1,0
1,3,4,2,17,5,12,4,3,4,1,2,12,3,9,3,3,4,1,2,9,2,7,2
1,2,4,0,28,8,20,1,2,4,1,0,20,6,14,1,2,4,1,0,14,4,10,0
3,0,1,0,7,4,3,0,0,1,3,0,3,2,1,0,0,1,3,0,1,0,1,0
1,4,1,3,8,2,6,4,4,1,1,3,6,1,5,3,4,1,1,3,5,1,4,2
2,0,0,4,24,9,15,14,0,0,2,4,15,5,10,9,0,0,2,4,10,4,6,5
3,0,2,0,33,23,10,0,0,2,3,0,10,6,4,0,0,2,3,0,4,2,2,0
1,1,2,1,33,9,24,7,1,2,1,1,24,7,17,5,1,2,1,1,17,5,12,3
1,2,1,1,20,5,15,4,2,1,1,1,15,4,11,3,2,1,1,1,11,3,8,2
3,0,3,0,26,18,8,0,0,3,3,0,8,5,3,0,0,3,3,0,3,2,1,0
3,4,1,0,14,9,5,0,4,1,3,0,5,3,2,0,4,1,3,0,2,1,1,0
4,3,3,1,7,6,1,0,3,3,4,1,1,0,1,0,3,3,4,1,1,0,1,0
2,4,3,3,17,6,11,7,4,3,2,3,11,4,7,4,4,3,2,3,7,2,5,3
3,4,2,4,6,4,2,1,4,2,3,4,2,1,1,0,4,2,3,4,1,0,1,0
2,2,3,1,22,8,14,4,2,3,2,1,14,5,9,2,2,3,2,1,9,3,6,1
2,1,3,1,28,11,17,5,1,3,2,1,17,6,11,3,1,3,2,1,11,4,7,2
3,1,2,4,29,20,9,8,1,2,3,4,9,6,3,2,1,2,3,4,3,2,1,0
4,2,0,0,12,11,1,0,2,0,4,0,1,0,1,0,2,0,4,0,1,0,1,0
1,3,3,1,33,9,24,7,3,3,1,1,24,7,17,5,3,3,1,1,17,5,12,3
3,3,2,2,17,11,6,2,3,2,3,2,6,4,2,0,3,2,3,2,2,1,1,0
4,0,0,1,8,7,1,0,0,0,4,1,1,0,1,0,0,0,4,1,1,0,1,0
2,3,2,2,21,8,13,5,3,2,2,2,13,5,8,3,3,2,2,2,8,3,5,1
1,0,0,0,13,3,10,0,0,0,1,0,10,3,7,0,0,0,1,0,7,2,5,0
3,2,0,3,11,7,4,2,2,0,3,3,4,2,2,1,2,0,3,3,2,1,1,0
3,4,1,2,8,5,3,1,4,1,3,2,3,2,1,0,4,1,3,2,1,0,1,0
1,4,2,3,17,5,12,8,4,2,1,3,12,3,9,6,4,2,1,3,9,2,7,4
4,2,3,3,15,14,1,0,2,3,4,3,1,0,1,0,2,3,4,3,1,0,1,0
4,1,0,4,10,9,1,0,1,0,4,4,1,0,1,0,1,0,4,4,1,0,1,0
3,0,4,3,27,18,9,6,0,4,3,3,9,6,3,2,0,4,3,3,3,2,1,0
1,2,4,2,22,6,16,6,2,4,1,2,16,4,12,4,2,4,1,2,12,3,9,3
3,1,1,1,17,11,6,1,1,1,3,1,6,4,2,0,1,1,3,1,2,1,1,0
1,0,0,2,14,4,10,4,0,0,1,2,10,2,8,3,0,0,1,2,8,2,6,2
4,0,1,0,13,12,1,0,0,1,4,0,1,0,1,0,0,1,4,0,1,0,1,0
4,0,1,1,25,23,2,0,0,1,4,1,2,1,1,0,0,1,4,1,1,0,1,0
1,2,1,2,11,3,8,3,2,1,1,2,8,2,6,2,2,1,1,2,6,1,5,2
1,0,2,1,23,6,17,5,0,2,1,1,17,5,12,3,0,2,1,1,12,3,9,2
3,2,0,2,12,8,4,1,2,0,3,2,4,2,2,0,2,0,3,2,2,1,1,0
0,4,1,3,9,0,9,6,4,1,0,3,9,0,9,6,4,1,0,3,9,0,9,6
4,3,0,0,15,14,1,0,3,0,4,0,1,0,1,0,3,0,4,0,1,0,1,0
3,0,1,0,25,17,8,0,0,1,3,0,8,5,3,0,0,1,3,0,3,2,1,0
3,2,2,2,10,7,3,1,2,2,3,2,3,2,1,0,2,2,3,2,1,0,1,0
1,4,3,1,2,0,2,0,4,3,1,1,2,0,2,0,4,3,1,1,2,0,2,0
1,0,1,2,25,7,18,7,0,1,1,2,18,5,13,5,0,1,1,2,13,3,10,4
4,3,3,3,2,1,1,0,3,3,4,3,1,0,1,0,3,3,4,3,1,0,1,0
0,2,1,1,12,1,11,3,2,1,0,1,11,1,10,2,2,1,0,1,10,0,10,3
3,4,1,4,12,8,4,3,4,1,3,4,4,2,2,1,4,1,3,4,2,1,1,0
4,1,0,2,10,9,1,0,1,0,4,2,1,0,1,0,1,0,4,2,1,0,1,0
0,0,4,3,36,3,33,23,0,4,0,3,33,3,30,21,0,4,0,3,30,3,27,18
2,4,3,3,4,1,3,2,4,3,2,3,3,1,2,1,4,3,2,3,2,0,2,1
2,3,2,2,18,7,11,4,3,2,2,2,11,4,7,2,3,2,2,2,7,2,5,1
0,2,2,2,30,3,27,10,2,2,0,2,27,2,25,9,2,2,0,2,25,2,23,9
2,3,4,1,3,1,2,0,3,4,2,1,2,0,2,0,3,4,2,1,2,0,2,0
3,0,2,2,17,11,6,2,0,2,3,2,6,4,2,0,0,2,3,2,2,1,1,0
0,4,4,4,5,0,5,4,4,4,0,4,5,0,5,4,4,4,0,4,5,0,5,4
1,4,2,1,13,3,10,3,4,2,1,1,10,3,7,2,4,2,1,1,7,2,5,1
2,3,0,3,9,3,6,4,3,0,2,3,6,2,4,2,3,0,2,3,4,1,3,2
1,2,1,2,9,2,7,2,2,1,1,2,7,2,5,1,2,1,1,2,5,1,4,1
3,0,2,2,25,17,8,3,0,2,3,2,8,5,3,1,0,2,3,2,3,2,1,0
1,0,4,3,37,11,26,18,0,4,1,3,26,7,19,13,0,4,1,3,19,5,14,9
2,1,0,4,28,11,17,16,1,0,2,4,17,6,11,10,1,0,2,4,11,4,7,6
0,1,3,4,21,2,19,18,1,3,0,4,19,1,18,17,1,3,0,4,18,1,17,16
4,0,0,3,2,1,1,0,0,0,4,3,1,0,1,0,0,0,4,3,1,0,1,0
0,2,3,2,19,1,18,7,2,3,0,2,18,1,17,6,2,3,0,2,17,1,16,6
3,4,2,2,1,0,1,0,4,2,3,2,1,0,1,0,4,2,3,2,1,0,1,0
2,3,0,2,5,1,4,1,3,0,2,2,4,1,3,1,3,0,2,2,3,1,2,0
0,2,0,4,5,0,5,4,2,0,0,4,5,0,5,4,2,0,0,4,5,0,5,4
2,4,1,2,1,0,1,0,4,1,2,2,1,0,1,0,4,1,2,2,1,0,1,0
0,1,4,1,38,3,35,10,1,4,0,1,35,3,32,9,1,4,0,1,32,3,29,8
3,3,3,3,5,3,2,1,3,3,3,3,2,1,1,0,3,3,3,3,1,0,1,0
3,2,2,2,22,15,7,2,2,2,3,2,7,4,3,1,2,2,3,2,3,2,1,0
1,3,0,1,13,3,10,3,3,0,1,1,10,2,8,2,3,0,1,1,8,2,6,1
0,3,3,3,12,1,11,7,3,3,0,3,11,1,10,6,3,3,0,3,10,1,9,6
1,4,4,1,6,1,5,1,4,4,1,1,5,1,4,1,4,4,1,1,4,1,3,0
2,2,4,1,33,13,20,6,2,4,2,1,20,7,13,3,2,4,2,1,13,5,8,2
1,3,3,4,34,10,24,22,3,3,1,4,24,7,17,16,3,3,1,4,17,5,12,11
2,4,4,3,0,0,0,0,4,4,2,3,0,0,0,0,4,4,2,3,0,0,0,0
0,2,0,3,14,1,13,9,2,0,0,3,13,1,12,8,2,0,0,3,12,1,11,7
1,4,1,3,18,5,13,9,4,1,1,3,13,3,10,7,4,1,1,3,10,3,7,4
0,1,2,0,21,2,19,1,1,2,0,0,19,1,18,1,1,2,0,0,18,1,17,1
3,3,1,2,5,3,2,0,3,1,3,2,2,1,1,0,3,1,3,2,1,0,1,0
4,3,2,0,22,20,2,0,3,2,4,0,2,1,1,0,3,2,4,0,1,0,1,0
1,1,2,3,16,4,12,8,1,2,1,3,12,3,9,6,1,2,1,3,9,2,7,4
3,1,3,3,37,25,12,8,1,3,3,3,12,8,4,2,1,3,3,3,4,2,2,1
1,2,2,0,26,7,19,1,2,2,1,0,19,5,14,1,2,2,1,0,14,4,10,0
2,0,0,4,8,3,5,4,0,0,2,4,5,1,4,3,0,0,2,4,4,1,3,2
4,1,0,4,18,17,1,0,1,0,4,4,1,0,1,0,1,0,4,4,1,0,1,0
1,3,0,0,13,3,10,0,3,0,1,0,10,3,7,0,3,0,1,0,7,2,5,0
3,0,1,0,33,23,10,1,0,1,3,0,10,7,3,0,0,1,3,0,3,2,1,0
1,2,2,1,24,7,17,5,2,2,1,1,17,5,12,3,2,2,1,1,12,3,9,2
2,4,4,3,15,6,9,6,4,4,2,3,9,3,6,4,4,4,2,3,6,2,4,2
2,3,0,0,7,2,5,0,3,0,2,0,5,2,3,0,3,0,2,0,3,1,2,0
2,3,2,1,1,0,1,0,3,2,2,1,1,0,1,0,3,2,2,1,1,0,1,0
3,1,4,3,33,23,10,7,1,4,3,3,10,7,3,2,1,4,3,3,3,2,1,0
4,3,0,0,9,8,1,0,3,0,4,0,1,0,1,0,3,0,4,0,1,0,1,0
1,4,1,0,15,4,11,1,4,1,1,0,11,3,8,0,4,1,1,0,8,2,6,0
2,3,0,4,0,0,0,0,3,0,2,4,0,0,0,0,3,0,2,4,0,0,0,0
3,3,3,0,12,8,4,0,3,3,3,0,4,2,2,0,3,3,3,0,2,1,1,0
3,0,3,3,22,15,7,4,0,3,3,3,7,4,3,2,0,3,3,3,3,2,1,0
0,0,4,3,25,2,23,16,0,4,0,3,23,2,21,14,0,4,0,3,21,2,19,13
4,4,0,3,3,2,1,0,4,0,4,3,1,0,1,0,4,0,4,3,1,0,1,0
3,4,2,0,15,10,5,0,4,2,3,0,5,3,2,0,4,2,3,0,2,1,1,0
4,3,3,3,19,18,1,0,3,3,4,3,1,0,1,0,3,3,4,3,1,0,1,0
3,4,3,2,2,1,1,0,4,3,3,2,1,0,1,0,4,3,3,2,1,0,1,0
4,1,2,4,19,18,1,0,1,2,4,4,1,0,1,0,1,2,4,4,1,0,1,0
2,1,3,3,38,15,23,16,1,3,2,3,23,9,14,9,1,3,2,3,14,5,9,6
2,4,0,2,25,9,16,6,4,0,2,2,16,6,10,4,4,0,2,2,10,4,6,2
2,1,0,2,16,6,10,3,1,0,2,2,10,3,7,2,1,0,2,2,7,2,5,2
0,0,1,0,1,0,1,0,0,1,0,0,1,0,1,0,0,1,0,0,1,0,1,0
1,4,3,0,5,1,4,0,4,3,1,0,4,1,3,0,4,3,1,0,3,0,3,0
2,0,3,0,22,8,14,1,0,3,2,0,14,5,9,0,0,3,2,0,9,3,6,0
3,1,0,1,24,16,8,2,1,0,3,1,8,5,3,0,1,0,3,1,3,2,1,0
3,3,1,3,14,9,5,3,3,1,3,3,5,3,2,1,3,1,3,3,2,1,1,0
2,1,0,1,16,6,10,2,1,0,2,1,10,3,7,2,1,0,2,1,7,2,5,1
0,4,4,1,27,2,25,7,4,4,0,1,25,2,23,6,4,4,0,1,23,2,21,6
0,2,3,1,29,2,27,8,2,3,0,1,27,2,25,7,2,3,0,1,25,2,23,6
0,2,0,0,7,0,7,0,2,0,0,0,7,0,7,0,2,0,0,0,7,0,7,0
4,4,3,1,17,16,1,0,4,3,4,1,1,0,1,0,4,3,4,1,1,0,1,0
1,4,3,1,21,6,15,4,4,3,1,1,15,4,11,3,4,3,1,1,11,3,8,2
4,4,0,4,7,6,1,0,4,0,4,4,1,0,1,0,4,0,4,4,1,0,1,0
2,3,2,0,18,7,11,1,3,2,2,0,11,4,7,0,3,2,2,0,7,2,5,0
2,0,2,3,17,6,11,7,0,2,2,3,11,4,7,4,0,2,2,3,7,2,5,3
2,4,1,2,7,2,5,1,4,1,2,2,5,1,4,1,4,1,2,2,4,1,3,1
2,3,4,1,32,12,20,6,3,4,2,1,20,8,12,3,3,4,2,1,12,4,8,2
3,0,4,0,37,25,12,1,0,4,3,0,12,8,4,0,0,4,3,0,4,2,2,0
2,0,2,1,39,15,24,7,0,2,2,1,24,9,15,4,0,2,2,1,15,5,10,3
4,4,2,1,5,4,1,0,4,2,4,1,1,0,1,0,4,2,4,1,1,0,1,0
3,1,3,2,29,20,9,3,1,3,3,2,9,6,3,1,1,3,3,2,3,2,1,0
4,4,1,4,25,23,2,1,4,1,4,4,2,1,1,0,4,1,4,4,1,0,1,0
2,4,4,3,23,9,14,9,4,4,2,3,14,5,9,6,4,4,2,3,9,3,6,4
3,2,2,2,31,21,10,3,2,2,3,2,10,6,4,1,2,2,3,2,4,2,2,0
1,1,0,3,5,1,4,2,1,0,1,3,4,1,3,2,1,0,1,3,3,0,3,2
1,3,3,3,18,5,13,9,3,3,1,3,13,3,10,7,3,3,1,3,10,3,7,4
1,4,1,3,2,0,2,1,4,1,1,3,2,0,2,1,4,1,1,3,2,0,2,1
3,4,2,0,12,8,4,0,4,2,3,0,4,2,2,0,4,2,3,0,2,1,1,0
3,0,2,4,33,23,10,9,0,2,3,4,10,6,4,3,0,2,3,4,4,2,2,1
1,4,1,3,11,3,8,5,4,1,1,3,8,2,6,4,4,1,1,3,6,1,5,3
3,2,1,1,6,4,2,0,2,1,3,1,2,1,1,0,2,1,3,1,1,0,1,0
2,1,1,2,12,4,8,3,1,1,2,2,8,3,5,2,1,1,2,2,5,2,3,1
4,1,4,1,35,33,2,0,1,4,4,1,2,1,1,0,1,4,4,1,1,0,1,0
3,2,0,3,12,8,4,2,2,0,3,3,4,2,2,1,2,0,3,3,2,1,1,0
0,2,1,3,3,0,3,2,2,1,0,3,3,0,3,2,2,1,0,3,3,0,3,2
4,1,4,2,37,35,2,0,1,4,4,2,2,1,1,0,1,4,4,2,1,0,1,0
1,3,3,2,31,9,22,8,3,3,1,2,22,6,16,6,3,3,1,2,16,4,12,4
2,4,4,3,20,7,13,9,4,4,2,3,13,5,8,5,4,4,2,3,8,3,5,3
3,1,0,1,8,5,3,0,1,0,3,1,3,2,1,0,1,0,3,1,1,0,1,0
2,2,3,1,21,8,13,3,2,3,2,1,13,5,8,2,2,3,2,1,8,3,5,1
0,3,4,4,5,0,5,4,3,4,0,4,5,0,5,4,3,4,0,4,5,0,5,4
3,3,1,3,10,6,4,2,3,1,3,3,4,2,2,1,3,1,3,3,2,1,1,0
0,3,2,2,15,1,14,5,3,2,0,2,14,1,13,5,3,2,0,2,13,1,12,4
3,0,0,0,3,2,1,0,0,0,3,0,1,0,1,0,0,0,3,0,1,0,1,0
4,0,1,0,33,31,2,0,0,1,4,0,2,1,1,0,0,1,4,0,1,0,1,0
0,2,4,3,35,3,32,22,2,4,0,3,32,3,29,20,2,4,0,3,29,2,27,18
3,1,3,2,35,24,11,4,1,3,3,2,11,7,4,1,1,3,3,2,4,2,2,0
3,3,3,3,19,13,6,4,3,3,3,3,6,4,2,1,3,3,3,3,2,1,1,0
0,0,2,0,24,2,22,2,0,2,0,0,22,2,20,2,0,2,0,0,20,1,19,1
2,2,2,3,31,12,19,13,2,2,2,3,19,7,12,8,2,2,2,3,12,4,8,5
3,2,4,4,13,9,4,3,2,4,3,4,4,2,2,1,2,4,3,4,2,1,1,0
0,0,2,2,20,1,19,7,0,2,0,2,19,1,18,7,0,2,0,2,18,1,17,6
0,0,4,0,37,3,34,3,0,4,0,0,34,3,31,3,0,4,0,0,31,3,28,2
2,2,1,1,23,9,14,4,2,1,2,1,14,5,9,2,2,1,2,1,9,3,6,1
1,2,3,2,18,5,13,5,2,3,1,2,13,3,10,3,2,3,1,2,10,3,7,2
2,4,3,2,8,3,5,2,4,3,2,2,5,2,3,1,4,3,2,2,3,1,2,0
2,4,4,0,12,4,8,0,4,4,2,0,8,3,5,0,4,4,2,0,5,1,4,0
3,1,3,2,29,20,9,3,1,3,3,2,9,6,3,1,1,3,3,2,3,2,1,0
0,3,1,4,6,0,6,5,3,1,0,4,6,0,6,5,3,1,0,4,6,0,6,5
4,1,4,2,27,25,2,0,1,4,4,2,2,1,1,0,1,4,4,2,1,0,1,0
3,3,0,4,22,15,7,6,3,0,3,4,7,4,3,2,3,0,3,4,3,2,1,0
1,0,1,3,18,5,13,9,0,1,1,3,13,3,10,6,0,1,1,3,10,3,7,4
1,2,2,0,19,5,14,1,2,2,1,0,14,4,10,1,2,2,1,0,10,3,7,0
4,4,0,2,2,1,1,0,4,0,4,2,1,0,1,0,4,0,4,2,1,0,1,0
4,4,1,3,2,1,1,0,4,1,4,3,1,0,1,0,4,1,4,3,1,0,1,0
0,2,0,1,5,0,5,1,2,0,0,1,5,0,5,1,2,0,0,1,5,0,5,1
4,3,2,2,19,18,1,0,3,2,4,2,1,0,1,0,3,2,4,2,1,0,1,0
4,4,1,2,1,0,1,0,4,1,4,2,1,0,1,0,4,1,4,2,1,0,1,0
2,4,4,1,5,2,3,0,4,4,2,1,3,1,2,0,4,4,2,1,2,0,2,0
4,4,2,2,18,17,1,0,4,2,4,2,1,0,1,0,4,2,4,2,1,0,1,0
0,1,2,2,22,2,20,7,1,2,0,2,20,1,19,7,1,2,0,2,19,1,18,7
2,3,1,4,0,0,0,0,3,1,2,4,0,0,0,0,3,1,2,4,0,0,0,0
0,3,2,0,0,0,0,0,3,2,0,0,0,0,0,0,3,2,0,0,0,0,0,0
3,4,2,3,13,9,4,2,4,2,3,3,4,2,2,1,4,2,3,3,2,1,1,0
2,3,0,0,1,0,1,0,3,0,2,0,1,0,1,0,3,0,2,0,1,0,1,0
4,2,2,1,7,6,1,0,2,2,4,1,1,0,1,0,2,2,4,1,1,0,1,0
1,1,1,0,15,4,11,1,1,1,1,0,11,3,8,0,1,1,1,0,8,2,6,0
0,1,3,3,31,3,28,19,1,3,0,3,28,2,26,18,1,3,0,3,26,2,24,16
3,1,4,2,33,23,10,3,1,4,3,2,10,7,3,1,1,4,3,2,3,2,1,0
4,2,0,0,9,8,1,0,2,0,4,0,1,0,1,0,2,0,4,0,1,0,1,0
3,2,2,3,18,12,6,4,2,2,3,3,6,4,2,1,2,2,3,3,2,1,1,0
0,2,3,2,17,1,16,6,2,3,0,2,16,1,15,5,2,3,0,2,15,1,14,5
2,3,2,0,17,6,11,1,3,2,2,0,11,4,7,0,3,2,2,0,7,2,5,0
2,0,2,2,21,8,13,5,0,2,2,2,13,5,8,3,0,2,2,2,8,3,5,2
3,2,3,3,33,23,10,7,2,3,3,3,10,6,4,2,2,3,3,3,4,2,2,1
1,1,4,3,30,9,21,14,1,4,1,3,21,6,15,10,1,4,1,3,15,4,11,7
2,0,4,4,39,15,24,22,0,4,2,4,24,9,15,14,0,4,2,4,15,5,10,9
3,0,1,3,26,18,8,5,0,1,3,3,8,5,3,2,0,1,3,3,3,2,1,0
0,2,0,1,26,2,24,7,2,0,0,1,24,2,22,6,2,0,0,1,22,2,20,6
1,1,3,4,32,9,23,21,1,3,1,4,23,6,17,16,1,3,1,4,17,5,12,11
4,3,2,0,19,18,1,0,3,2,4,0,1,0,1,0,3,2,4,0,1,0,1,0
2,1,3,1,31,12,19,5,1,3,2,1,19,7,12,3,1,3,2,1,12,4,8,2
4,0,0,2,11,10,1,0,0,0,4,2,1,0,1,0,0,0,4,2,1,0,1,0
0,1,0,4,1,0,1,0,1,0,0,4,1,0,1,0,1,0,0,4,1,0,1,0
2,2,3,3,37,14,23,16,2,3,2,3,23,9,14,9,2,3,2,3,14,5,9,6
0,3,2,4,4,0,4,3,3,2,0,4,4,0,4,3,3,2,0,4,4,0,4,3
3,1,0,1,4,2,2,0,1,0,3,1,2,1,1,0,1,0,3,1,1,0,1,0
4,0,3,2,34,32,2,0,0,3,4,2,2,1,1,0,0,3,4,2,1,0,1,0
4,2,4,3,39,37,2,1,2,4,4,3,2,1,1,0,2,4,4,3,1,0,1,0
1,2,0,4,4,1,3,2,2,0,1,4,3,0,3,2,2,0,1,4,3,0,3,2
0,2,3,2,38,3,35,13,2,3,0,2,35,3,32,12,2,3,0,2,32,3,29,11
0,3,2,0,22,2,20,2,3,2,0,0,20,1,19,1,3,2,0,0,19,1,18,1
4,1,1,1,4,3,1,0,1,1,4,1,1,0,1,0,1,1,4,1,1,0,1,0
4,1,0,0,6,5,1,0,1,0,4,0,1,0,1,0,1,0,4,0,1,0,1,0
0,1,4,0,19,1,18,1,1,4,0,0,18,1,17,1,1,4,0,0,17,1,16,1
3,4,1,1,7,4,3,0,4,1,3,1,3,2,1,0,4,1,3,1,1,0,1,0
1,2,2,0,26,7,19,1,2,2,1,0,19,5,14,1,2,2,1,0,14,4,10,0
2,3,1,3,25,10,15,10,3,1,2,3,15,5,10,6,3,1,2,3,10,4,6,4
0,0,2,2,20,1,19,7,0,2,0,2,19,1,18,7,0,2,0,2,18,1,17,6
3,4,0,0,3,2,1,0,4,0,3,0,1,0,1,0,4,0,3,0,1,0,1,0
2,3,2,3,9,3,6,4,3,2,2,3,6,2,4,2,3,2,2,3,4,1,3,2
4,2,0,4,16,15,1,0,2,0,4,4,1,0,1,0,2,0,4,4,1,0,1,0
4,4,0,1,3,2,1,0,4,0,4,1,1,0,1,0,4,0,4,1,1,0,1,0
4,2,4,1,34,32,2,0,2,4,4,1,2,1,1,0,2,4,4,1,1,0,1,0
4,4,0,4,15,14,1,0,4,0,4,4,1,0,1,0,4,0,4,4,1,0,1,0
4,1,0,1,11,10,1,0,1,0,4,1,1,0,1,0,1,0,4,1,1,0,1,0
2,0,0,2,17,6,11,4,0,0,2,2,11,4,7,2,0,0,2,2,7,2,5,2
2,4,1,2,15,6,9,3,4,1,2,2,9,3,6,2,4,1,2,2,6,2,4,1
1,3,4,4,22,6,16,15,3,4,1,4,16,4,12,11,3,4,1,4,12,3,9,8
2,1,2,3,34,13,21,14,1,2,2,3,21,8,13,9,1,2,2,3,13,5,8,5
4,3,2,3,6,5,1,0,3,2,4,3,1,0,1,0,3,2,4,3,1,0,1,0
3,3,2,4,19,13,6,5,3,2,3,4,6,4,2,1,3,2,3,4,2,1,1,0
2,4,0,1,4,1,3,0,4,0,2,1,3,1,2,0,4,0,2,1,2,0,2,0
3,4,1,3,4,2,2,1,4,1,3,3,2,1,1,0,4,1,3,3,1,0,1,0
0,1,2,2,39,3,36,14,1,2,0,2,36,3,33,13,1,2,0,2,33,3,30,12
0,1,0,4,13,1,12,11,1,0,0,4,12,1,11,10,1,0,0,4,11,1,10,9
2,4,4,1,37,14,23,6,4,4,2,1,23,9,14,4,4,4,2,1,14,5,9,2
4,0,0,2,2,1,1,0,0,0,4,2,1,0,1,0,0,0,4,2,1,0,1,0
3,1,4,4,27,18,9,8,1,4,3,4,9,6,3,2,1,4,3,4,3,2,1,0
4,2,2,3,5,4,1,0,2,2,4,3,1,0,1,0,2,2,4,3,1,0,1,0
4,2,1,3,7,6,1,0,2,1,4,3,1,0,1,0,2,1,4,3,1,0,1,0
4,2,2,3,26,24,2,1,2,2,4,3,2,1,1,0,2,2,4,3,1,0,1,0
1,0,4,0,38,11,27,2,0,4,1,0,27,8,19,1,0,4,1,0,19,5,14,1
3,0,4,1,37,25,12,3,0,4,3,1,12,8,4,1,0,4,3,1,4,2,2,0
2,4,2,2,10,4,6,2,4,2,2,2,6,2,4,1,4,2,2,2,4,1,3,1
3,2,4,2,14,9,5,2,2,4,3,2,5,3,2,0,2,4,3,2,2,1,1,0
0,1,3,0,26,2,24,2,1,3,0,0,24,2,22,2,1,3,0,0,22,2,20,1
4,1,1,0,21,19,2,0,1,1,4,0,2,1,1,0,1,1,4,0,1,0,1,0
1,1,3,1,35,10,25,7,1,3,1,1,25,7,18,5,1,3,1,1,18,5,13,3
2,3,3,1,15,6,9,2,3,3,2,1,9,3,6,1,3,3,2,1,6,2,4,1
1,0,2,4,9,2,7,6,0,2,1,4,7,2,5,4,0,2,1,4,5,1,4,3
3,1,0,4,19,13,6,5,1,0,3,4,6,4,2,1,1,0,3,4,2,1,1,0
4,2,2,2,12,11,1,0,2,2,4,2,1,0,1,0,2,2,4,2,1,0,1,0
0,3,0,1,10,1,9,2,3,0,0,1,9,0,9,2,3,0,0,1,9,0,9,2
4,4,2,0,29,27,2,0,4,2,4,0,2,1,1,0,4,2,4,0,1,0,1,0
0,1,0,1,20,2,18,5,1,0,0,1,18,1,17,5,1,0,0,1,17,1,16,4
0,3,1,3,0,0,0,0,3,1,0,3,0,0,0,0,3,1,0,3,0,0,0,0
0,1,0,3,5,0,5,3,1,0,0,3,5,0,5,3,1,0,0,3,5,0,5,3
4,1,2,1,27,25,2,0,1,2,4,1,2,1,1,0,1,2,4,1,1,0,1,0
2,1,0,2,2,0,2,0,1,0,2,2,2,0,2,0,1,0,2,2,2,0,2,0
4,1,2,3,18,17,1,0,1,2,4,3,1,0,1,0,1,2,4,3,1,0,1,0
1,0,1,0,36,10,26,2,0,1,1,0,26,7,19,1,0,1,1,0,19,5,14,1
3,3,1,1,11,7,4,1,3,1,3,1,4,2,2,0,3,1,3,1,2,1,1,0
2,0,4,1,37,14,23,6,0,4,2,1,23,9,14,4,0,4,2,1,14,5,9,2
2,0,2,4,30,12,18,17,0,2,2,4,18,7,11,10,0,2,2,4,11,4,7,6
2,3,2,4,18,7,11,10,3,2,2,4,11,4,7,6,3,2,2,4,7,2,5,4
1,2,3,2,36,10,26,10,2,3,1,2,26,7,19,7,2,3,1,2,19,5,14,5
4,3,1,1,14,13,1,0,3,1,4,1,1,0,1,0,3,1,4,1,1,0,1,0
4,2,2,3,32,30,2,1,2,2,4,3,2,1,1,0,2,2,4,3,1,0,1,0
3,2,0,4,14,9,5,4,2,0,3,4,5,3,2,1,2,0,3,4,2,1,1,0
1,2,0,4,1,0,1,0,2,0,1,4,1,0,1,0,2,0,1,4,1,0,1,0
1,2,2,2,10,3,7,2,2,2,1,2,7,2,5,2,2,2,1,2,5,1,4,1
2,1,3,3,30,11,19,13,1,3,2,3,19,7,12,8,1,3,2,3,12,4,8,5
2,4,2,1,0,0,0,0,4,2,2,1,0,0,0,0,4,2,2,1,0,0,0,0
3,2,4,1,26,18,8,2,2,4,3,1,8,5,3,0,2,4,3,1,3,2,1,0
2,2,4,1,31,12,19,5,2,4,2,1,19,7,12,3,2,4,2,1,12,4,8,2
0,0,1,0,15,1,14,1,0,1,0,0,14,1,13,1,0,1,0,0,13,1,12,1
1,2,4,0,20,6,14,1,2,4,1,0,14,4,10,0,2,4,1,0,10,2,8,0
0,1,0,2,8,0,8,3,1,0,0,2,8,0,8,3,1,0,0,2,8,0,8,3
2,3,2,2,23,9,14,5,3,2,2,2,14,5,9,3,3,2,2,2,9,3,6,2
0,2,1,0,17,1,16,1,2,1,0,0,16,1,15,1,2,1,0,0,15,1,14,1
4,0,3,4,22,20,2,1,0,3,4,4,2,1,1,0,0,3,4,4,1,0,1,0
3,0,4,1,29,20,9,2,0,4,3,1,9,6,3,0,0,4,3,1,3,2,1,0
2,0,4,1,38,15,23,6,0,4,2,1,23,9,14,4,0,4,2,1,14,5,9,2
2,1,1,1,21,8,13,3,1,1,2,1,13,5,8,2,1,1,2,1,8,3,5,1
1,0,2,0,29,8,21,2,0,2,1,0,21,6,15,1,0,2,1,0,15,4,11,1
